label:AIS.v( 1 )
500
0.03	-59.9203
0.05	-59.8414
0.07	-59.763
0.09	-59.6846
0.11	-59.6059
0.13	-59.5266
0.15	-59.4465
0.17	-59.3655
0.19	-59.2836
0.21	-59.2006
0.23	-59.1166
0.25	-59.0316
0.27	-58.9454
0.29	-58.858
0.31	-58.7694
0.33	-58.6796
0.35	-58.5886
0.37	-58.4963
0.39	-58.4026
0.41	-58.3075
0.43	-58.2111
0.45	-58.1131
0.47	-58.0137
0.49	-57.9128
0.51	-57.8103
0.53	-57.7062
0.55	-57.6003
0.57	-57.4928
0.59	-57.3834
0.61	-57.2722
0.63	-57.1591
0.65	-57.0439
0.67	-56.9267
0.69	-56.8074
0.71	-56.6858
0.73	-56.5619
0.75	-56.4356
0.77	-56.3067
0.79	-56.1752
0.81	-56.0409
0.83	-55.9038
0.85	-55.7635
0.87	-55.6201
0.89	-55.4732
0.91	-55.3228
0.93	-55.1686
0.95	-55.0104
0.97	-54.8479
0.99	-54.6809
1.01	-54.509
1.03	-54.3319
1.05	-54.1492
1.07	-53.9605
1.09	-53.7654
1.11	-53.5631
1.13	-53.3533
1.15	-53.135
1.17	-52.9076
1.19	-52.6702
1.21	-52.4216
1.23	-52.1606
1.25	-51.8858
1.27	-51.5954
1.29	-51.2876
1.31	-50.9597
1.33	-50.609
1.35	-50.2319
1.37	-49.8239
1.39	-49.3797
1.41	-48.8922
1.43	-48.3527
1.45	-47.7495
1.47	-47.0676
1.49	-46.2864
1.51	-45.3779
1.53	-44.303
1.55	-43.0069
1.57	-41.4122
1.59	-39.4118
1.61	-36.8691
1.63	-33.6427
1.65	-29.6688
1.67	-25.0896
1.69	-20.2878
1.71	-15.7066
1.73	-11.6356
1.75	-8.17925
1.77	-5.34715
1.79	-3.13128
1.81	-1.53616
1.83	-0.581533
1.85	-0.293931
1.87	-0.693222
1.89	-1.77717
1.91	-3.50875
1.93	-5.81108
1.95	-8.57262
1.97	-11.6606
1.99	-14.9379
2.01	-18.2792
2.03	-21.5822
2.05	-24.7743
2.07	-27.8131
2.09	-30.6824
2.11	-33.3855
2.13	-35.939
2.15	-38.3669
2.17	-40.6953
2.19	-42.9462
2.21	-45.1316
2.23	-47.2509
2.25	-49.2921
2.27	-51.2367
2.29	-53.0672
2.31	-54.7712
2.33	-56.3436
2.35	-57.786
2.37	-59.1046
2.39	-60.3084
2.41	-61.4074
2.43	-62.4116
2.45	-63.3302
2.47	-64.1715
2.49	-64.9427
2.51	-65.6502
2.53	-66.2994
2.55	-66.8955
2.57	-67.4427
2.59	-67.9453
2.61	-68.4068
2.63	-68.8308
2.65	-69.2204
2.67	-69.5786
2.69	-69.9081
2.71	-70.2114
2.73	-70.4908
2.75	-70.7485
2.77	-70.9864
2.79	-71.2062
2.81	-71.4097
2.83	-71.5981
2.85	-71.773
2.87	-71.9354
2.89	-72.0865
2.91	-72.2273
2.93	-72.3587
2.95	-72.4815
2.97	-72.5964
2.99	-72.7042
3.01	-72.8053
3.03	-72.9005
3.05	-72.99
3.07	-73.0745
3.09	-73.1543
3.11	-73.2299
3.13	-73.3014
3.15	-73.3693
3.17	-73.4338
3.19	-73.4952
3.21	-73.5536
3.23	-73.6094
3.25	-73.6627
3.27	-73.7137
3.29	-73.7626
3.31	-73.8094
3.33	-73.8543
3.35	-73.8975
3.37	-73.9391
3.39	-73.9791
3.41	-74.0177
3.43	-74.0549
3.45	-74.0908
3.47	-74.1256
3.49	-74.1592
3.51	-74.1917
3.53	-74.2233
3.55	-74.2538
3.57	-74.2835
3.59	-74.3123
3.61	-74.3403
3.63	-74.3674
3.65	-74.3939
3.67	-74.4196
3.69	-74.4446
3.71	-74.469
3.73	-74.4927
3.75	-74.5159
3.77	-74.5385
3.79	-74.5605
3.81	-74.5819
3.83	-74.6029
3.85	-74.6233
3.87	-74.6433
3.89	-74.6628
3.91	-74.6819
3.93	-74.7005
3.95	-74.7187
3.97	-74.7364
3.99	-74.7538
4.01	-74.7708
4.03	-74.7874
4.05	-74.8036
4.07	-74.8195
4.09	-74.835
4.11	-74.8502
4.13	-74.8651
4.15	-74.8796
4.17	-74.8938
4.19	-74.9077
4.21	-74.9213
4.23	-74.9346
4.25	-74.9476
4.27	-74.9603
4.29	-74.9728
4.31	-74.9849
4.33	-74.9968
4.35	-75.0085
4.37	-75.0199
4.39	-75.031
4.41	-75.0419
4.43	-75.0525
4.45	-75.0629
4.47	-75.0731
4.49	-75.083
4.51	-75.0928
4.53	-75.1023
4.55	-75.1115
4.57	-75.1206
4.59	-75.1295
4.61	-75.1381
4.63	-75.1466
4.65	-75.1548
4.67	-75.1629
4.69	-75.1707
4.71	-75.1784
4.73	-75.1859
4.75	-75.1932
4.77	-75.2003
4.79	-75.2073
4.81	-75.214
4.83	-75.2206
4.85	-75.2271
4.87	-75.2333
4.89	-75.2394
4.91	-75.2454
4.93	-75.2512
4.95	-75.2568
4.97	-75.2623
4.99	-75.2676
5.01	-75.2728
5.03	-75.2778
5.05	-75.2827
5.07	-75.2875
5.09	-75.2921
5.11	-75.2966
5.13	-75.3009
5.15	-75.3051
5.17	-75.3092
5.19	-75.3132
5.21	-75.317
5.23	-75.3207
5.25	-75.3243
5.27	-75.3277
5.29	-75.3311
5.31	-75.3343
5.33	-75.3374
5.35	-75.3404
5.37	-75.3433
5.39	-75.346
5.41	-75.3487
5.43	-75.3513
5.45	-75.3537
5.47	-75.3561
5.49	-75.3583
5.51	-75.3605
5.53	-75.3625
5.55	-75.3645
5.57	-75.3663
5.59	-75.3681
5.61	-75.3698
5.63	-75.3713
5.65	-75.3728
5.67	-75.3742
5.69	-75.3755
5.71	-75.3768
5.73	-75.3779
5.75	-75.379
5.77	-75.3799
5.79	-75.3808
5.81	-75.3816
5.83	-75.3824
5.85	-75.383
5.87	-75.3836
5.89	-75.3841
5.91	-75.3846
5.93	-75.3849
5.95	-75.3852
5.97	-75.3854
5.99	-75.3856
6.01	-75.3856
6.03	-75.3856
6.05	-75.3856
6.07	-75.3855
6.09	-75.3853
6.11	-75.385
6.13	-75.3847
6.15	-75.3843
6.17	-75.3839
6.19	-75.3834
6.21	-75.3828
6.23	-75.3822
6.25	-75.3815
6.27	-75.3808
6.29	-75.38
6.31	-75.3792
6.33	-75.3783
6.35	-75.3773
6.37	-75.3763
6.39	-75.3752
6.41	-75.3741
6.43	-75.373
6.45	-75.3717
6.47	-75.3705
6.49	-75.3692
6.51	-75.3678
6.53	-75.3664
6.55	-75.365
6.57	-75.3634
6.59	-75.3619
6.61	-75.3603
6.63	-75.3587
6.65	-75.357
6.67	-75.3553
6.69	-75.3535
6.71	-75.3517
6.73	-75.3499
6.75	-75.348
6.77	-75.346
6.79	-75.3441
6.81	-75.3421
6.83	-75.34
6.85	-75.3379
6.87	-75.3358
6.89	-75.3337
6.91	-75.3315
6.93	-75.3292
6.95	-75.327
6.97	-75.3247
6.99	-75.3223
7.01	-75.3199
7.03	-75.3175
7.05	-75.3151
7.07	-75.3126
7.09	-75.3101
7.11	-75.3076
7.13	-75.305
7.15	-75.3024
7.17	-75.2998
7.19	-75.2971
7.21	-75.2944
7.23	-75.2917
7.25	-75.289
7.27	-75.2862
7.29	-75.2834
7.31	-75.2805
7.33	-75.2777
7.35	-75.2748
7.37	-75.2719
7.39	-75.2689
7.41	-75.266
7.43	-75.263
7.45	-75.2599
7.47	-75.2569
7.49	-75.2538
7.51	-75.2507
7.53	-75.2476
7.55	-75.2445
7.57	-75.2413
7.59	-75.2381
7.61	-75.2349
7.63	-75.2316
7.65	-75.2284
7.67	-75.2251
7.69	-75.2218
7.71	-75.2184
7.73	-75.2151
7.75	-75.2117
7.77	-75.2083
7.79	-75.2049
7.81	-75.2015
7.83	-75.198
7.85	-75.1945
7.87	-75.191
7.89	-75.1875
7.91	-75.184
7.93	-75.1804
7.95	-75.1769
7.97	-75.1733
7.99	-75.1697
8.01	-75.166
8.03	-75.1624
8.05	-75.1587
8.07	-75.1551
8.09	-75.1514
8.11	-75.1476
8.13	-75.1439
8.15	-75.1402
8.17	-75.1364
8.19	-75.1326
8.21	-75.1288
8.23	-75.125
8.25	-75.1212
8.27	-75.1173
8.29	-75.1134
8.31	-75.1096
8.33	-75.1057
8.35	-75.1018
8.37	-75.0978
8.39	-75.0939
8.41	-75.09
8.43	-75.086
8.45	-75.082
8.47	-75.078
8.49	-75.074
8.51	-75.07
8.53	-75.066
8.55	-75.0619
8.57	-75.0579
8.59	-75.0538
8.61	-75.0497
8.63	-75.0456
8.65	-75.0415
8.67	-75.0374
8.69	-75.0332
8.71	-75.0291
8.73	-75.0249
8.75	-75.0207
8.77	-75.0166
8.79	-75.0124
8.81	-75.0082
8.83	-75.0039
8.85	-74.9997
8.87	-74.9955
8.89	-74.9912
8.91	-74.987
8.93	-74.9827
8.95	-74.9784
8.97	-74.9741
8.99	-74.9698
9.01	-74.9655
9.03	-74.9612
9.05	-74.9568
9.07	-74.9525
9.09	-74.9481
9.11	-74.9438
9.13	-74.9394
9.15	-74.935
9.17	-74.9306
9.19	-74.9262
9.21	-74.9218
9.23	-74.9174
9.25	-74.9129
9.27	-74.9085
9.29	-74.9041
9.31	-74.8996
9.33	-74.8951
9.35	-74.8907
9.37	-74.8862
9.39	-74.8817
9.41	-74.8772
9.43	-74.8727
9.45	-74.8682
9.47	-74.8637
9.49	-74.8591
9.51	-74.8546
9.53	-74.8501
9.55	-74.8455
9.57	-74.841
9.59	-74.8364
9.61	-74.8318
9.63	-74.8272
9.65	-74.8226
9.67	-74.818
9.69	-74.8134
9.71	-74.8088
9.73	-74.8042
9.75	-74.7996
9.77	-74.795
9.79	-74.7903
9.81	-74.7857
9.83	-74.781
9.85	-74.7764
9.87	-74.7717
9.89	-74.7671
9.91	-74.7624
9.93	-74.7577
9.95	-74.753
9.97	-74.7483
9.99	-74.7436
10.01	-74.7389
