label:AIS.ica_newCaP( 0.5 )
500
0.01	-0.000917419
0.03	-0.000922231
0.05	-0.000931298
0.07	-0.00094338
0.09	-0.000957656
0.11	-0.000973594
0.13	-0.000990849
0.15	-0.0010092
0.17	-0.00102853
0.19	-0.00104874
0.21	-0.00106979
0.23	-0.00109168
0.25	-0.0011144
0.27	-0.00113798
0.29	-0.00116243
0.31	-0.00118778
0.33	-0.00121409
0.35	-0.00124138
0.37	-0.00126971
0.39	-0.00129912
0.41	-0.00132968
0.43	-0.00136145
0.45	-0.00139449
0.47	-0.00142887
0.49	-0.00146467
0.51	-0.00150197
0.53	-0.00154086
0.55	-0.00158143
0.57	-0.00162378
0.59	-0.00166803
0.61	-0.0017143
0.63	-0.00176272
0.65	-0.00181343
0.67	-0.00186658
0.69	-0.00192235
0.71	-0.00198093
0.73	-0.00204252
0.75	-0.00210734
0.77	-0.00217564
0.79	-0.0022477
0.81	-0.00232383
0.83	-0.00240436
0.85	-0.00248967
0.87	-0.00258018
0.89	-0.00267639
0.91	-0.00277881
0.93	-0.00288807
0.95	-0.00300485
0.97	-0.00312995
0.99	-0.00326428
1.01	-0.00340887
1.03	-0.00356496
1.05	-0.00373394
1.07	-0.00391749
1.09	-0.00411755
1.11	-0.00433646
1.13	-0.00457702
1.15	-0.00484258
1.17	-0.00513726
1.19	-0.0054661
1.21	-0.0058354
1.23	-0.00625306
1.25	-0.00672915
1.27	-0.00727667
1.29	-0.00791271
1.31	-0.00866003
1.33	-0.0095496
1.35	-0.0106244
1.37	-0.0119454
1.39	-0.0136016
1.41	-0.0157261
1.43	-0.0185245
1.45	-0.0223252
1.47	-0.0276737
1.49	-0.0355197
1.51	-0.0476236
1.53	-0.0674663
1.55	-0.101708
1.57	-0.158465
1.59	-0.236714
1.61	-0.327761
1.63	-0.425477
1.65	-0.520256
1.67	-0.59871
1.69	-0.653738
1.71	-0.688829
1.73	-0.713529
1.75	-0.738333
1.77	-0.77247
1.79	-0.823466
1.81	-0.897092
1.83	-0.99706
1.85	-1.12443
1.87	-1.27672
1.89	-1.44625
1.91	-1.61743
1.93	-1.76563
1.95	-1.864
1.97	-1.88997
1.99	-1.82282
2.01	-1.651
2.03	-1.39343
2.05	-1.10384
2.07	-0.836634
2.09	-0.617661
2.11	-0.448933
2.13	-0.322946
2.15	-0.230554
2.17	-0.163613
2.19	-0.115546
2.21	-0.081273
2.23	-0.0569753
2.25	-0.0398307
2.27	-0.0277812
2.29	-0.0193408
2.31	-0.0134449
2.33	-0.00933617
2.35	-0.00647835
2.37	-0.00449381
2.39	-0.0031175
2.41	-0.00216401
2.43	-0.00150401
2.45	-0.00104745
2.47	-0.000731778
2.49	-0.000513589
2.51	-0.000362807
2.53	-0.00025861
2.55	-0.000186599
2.57	-0.000136818
2.59	-0.000102391
2.61	-7.8567e-05
2.63	-6.20667e-05
2.65	-5.06264e-05
2.67	-4.26833e-05
2.69	-3.7159e-05
2.71	-3.33088e-05
2.73	-3.06185e-05
2.75	-2.87331e-05
2.77	-2.74072e-05
2.79	-2.64712e-05
2.81	-2.58076e-05
2.83	-2.53352e-05
2.85	-2.49974e-05
2.87	-2.47552e-05
2.89	-2.45813e-05
2.91	-2.44566e-05
2.93	-2.43678e-05
2.95	-2.43054e-05
2.97	-2.4263e-05
2.99	-2.42356e-05
3.01	-2.42201e-05
3.03	-2.42138e-05
3.05	-2.42151e-05
3.07	-2.42226e-05
3.09	-2.42353e-05
3.11	-2.42524e-05
3.13	-2.42733e-05
3.15	-2.42976e-05
3.17	-2.43249e-05
3.19	-2.43549e-05
3.21	-2.43872e-05
3.23	-2.44217e-05
3.25	-2.44582e-05
3.27	-2.44965e-05
3.29	-2.45364e-05
3.31	-2.45778e-05
3.33	-2.46206e-05
3.35	-2.46647e-05
3.37	-2.47099e-05
3.39	-2.47562e-05
3.41	-2.48034e-05
3.43	-2.48516e-05
3.45	-2.49005e-05
3.47	-2.49502e-05
3.49	-2.50005e-05
3.51	-2.50515e-05
3.53	-2.5103e-05
3.55	-2.51549e-05
3.57	-2.52073e-05
3.59	-2.52601e-05
3.61	-2.53132e-05
3.63	-2.53667e-05
3.65	-2.54203e-05
3.67	-2.54742e-05
3.69	-2.55283e-05
3.71	-2.55825e-05
3.73	-2.56369e-05
3.75	-2.56913e-05
3.77	-2.57458e-05
3.79	-2.58004e-05
3.81	-2.58549e-05
3.83	-2.59095e-05
3.85	-2.5964e-05
3.87	-2.60185e-05
3.89	-2.60729e-05
3.91	-2.61272e-05
3.93	-2.61815e-05
3.95	-2.62357e-05
3.97	-2.62897e-05
3.99	-2.63437e-05
4.01	-2.63975e-05
4.03	-2.64511e-05
4.05	-2.65047e-05
4.07	-2.6558e-05
4.09	-2.66113e-05
4.11	-2.66643e-05
4.13	-2.67172e-05
4.15	-2.67699e-05
4.17	-2.68225e-05
4.19	-2.68749e-05
4.21	-2.69271e-05
4.23	-2.69792e-05
4.25	-2.70311e-05
4.27	-2.70828e-05
4.29	-2.71343e-05
4.31	-2.71857e-05
4.33	-2.72369e-05
4.35	-2.72879e-05
4.37	-2.73388e-05
4.39	-2.73895e-05
4.41	-2.74401e-05
4.43	-2.74905e-05
4.45	-2.75408e-05
4.47	-2.75909e-05
4.49	-2.76408e-05
4.51	-2.76906e-05
4.53	-2.77403e-05
4.55	-2.77898e-05
4.57	-2.78393e-05
4.59	-2.78885e-05
4.61	-2.79377e-05
4.63	-2.79867e-05
4.65	-2.80357e-05
4.67	-2.80845e-05
4.69	-2.81332e-05
4.71	-2.81818e-05
4.73	-2.82303e-05
4.75	-2.82787e-05
4.77	-2.8327e-05
4.79	-2.83752e-05
4.81	-2.84234e-05
4.83	-2.84714e-05
4.85	-2.85194e-05
4.87	-2.85673e-05
4.89	-2.86152e-05
4.91	-2.86629e-05
4.93	-2.87107e-05
4.95	-2.87583e-05
4.97	-2.88059e-05
4.99	-2.88535e-05
5.01	-2.8901e-05
5.03	-2.89484e-05
5.05	-2.89958e-05
5.07	-2.90432e-05
5.09	-2.90905e-05
5.11	-2.91378e-05
5.13	-2.91851e-05
5.15	-2.92324e-05
5.17	-2.92796e-05
5.19	-2.93268e-05
5.21	-2.9374e-05
5.23	-2.94211e-05
5.25	-2.94683e-05
5.27	-2.95154e-05
5.29	-2.95625e-05
5.31	-2.96097e-05
5.33	-2.96568e-05
5.35	-2.97039e-05
5.37	-2.9751e-05
5.39	-2.97981e-05
5.41	-2.98452e-05
5.43	-2.98923e-05
5.45	-2.99395e-05
5.47	-2.99866e-05
5.49	-3.00338e-05
5.51	-3.00809e-05
5.53	-3.01281e-05
5.55	-3.01753e-05
5.57	-3.02225e-05
5.59	-3.02697e-05
5.61	-3.0317e-05
5.63	-3.03642e-05
5.65	-3.04115e-05
5.67	-3.04589e-05
5.69	-3.05062e-05
5.71	-3.05536e-05
5.73	-3.0601e-05
5.75	-3.06484e-05
5.77	-3.06959e-05
5.79	-3.07433e-05
5.81	-3.07909e-05
5.83	-3.08384e-05
5.85	-3.0886e-05
5.87	-3.09336e-05
5.89	-3.09813e-05
5.91	-3.1029e-05
5.93	-3.10767e-05
5.95	-3.11245e-05
5.97	-3.11723e-05
5.99	-3.12202e-05
6.01	-3.12681e-05
6.03	-3.1316e-05
6.05	-3.1364e-05
6.07	-3.14121e-05
6.09	-3.14601e-05
6.11	-3.15082e-05
6.13	-3.15564e-05
6.15	-3.16046e-05
6.17	-3.16529e-05
6.19	-3.17012e-05
6.21	-3.17495e-05
6.23	-3.17979e-05
6.25	-3.18464e-05
6.27	-3.18949e-05
6.29	-3.19435e-05
6.31	-3.19921e-05
6.33	-3.20407e-05
6.35	-3.20894e-05
6.37	-3.21382e-05
6.39	-3.2187e-05
6.41	-3.22359e-05
6.43	-3.22848e-05
6.45	-3.23337e-05
6.47	-3.23828e-05
6.49	-3.24318e-05
6.51	-3.2481e-05
6.53	-3.25302e-05
6.55	-3.25794e-05
6.57	-3.26287e-05
6.59	-3.26781e-05
6.61	-3.27275e-05
6.63	-3.27769e-05
6.65	-3.28265e-05
6.67	-3.28761e-05
6.69	-3.29257e-05
6.71	-3.29754e-05
6.73	-3.30251e-05
6.75	-3.3075e-05
6.77	-3.31248e-05
6.79	-3.31748e-05
6.81	-3.32248e-05
6.83	-3.32748e-05
6.85	-3.33249e-05
6.87	-3.33751e-05
6.89	-3.34253e-05
6.91	-3.34756e-05
6.93	-3.3526e-05
6.95	-3.35764e-05
6.97	-3.36268e-05
6.99	-3.36774e-05
7.01	-3.37279e-05
7.03	-3.37786e-05
7.05	-3.38293e-05
7.07	-3.38801e-05
7.09	-3.39309e-05
7.11	-3.39818e-05
7.13	-3.40328e-05
7.15	-3.40838e-05
7.17	-3.41349e-05
7.19	-3.4186e-05
7.21	-3.42373e-05
7.23	-3.42885e-05
7.25	-3.43399e-05
7.27	-3.43913e-05
7.29	-3.44427e-05
7.31	-3.44943e-05
7.33	-3.45458e-05
7.35	-3.45975e-05
7.37	-3.46492e-05
7.39	-3.4701e-05
7.41	-3.47528e-05
7.43	-3.48048e-05
7.45	-3.48567e-05
7.47	-3.49088e-05
7.49	-3.49609e-05
7.51	-3.5013e-05
7.53	-3.50653e-05
7.55	-3.51176e-05
7.57	-3.51699e-05
7.59	-3.52224e-05
7.61	-3.52749e-05
7.63	-3.53274e-05
7.65	-3.538e-05
7.67	-3.54327e-05
7.69	-3.54855e-05
7.71	-3.55383e-05
7.73	-3.55912e-05
7.75	-3.56442e-05
7.77	-3.56972e-05
7.79	-3.57503e-05
7.81	-3.58034e-05
7.83	-3.58567e-05
7.85	-3.591e-05
7.87	-3.59633e-05
7.89	-3.60167e-05
7.91	-3.60702e-05
7.93	-3.61238e-05
7.95	-3.61774e-05
7.97	-3.62311e-05
7.99	-3.62849e-05
8.01	-3.63387e-05
8.03	-3.63926e-05
8.05	-3.64466e-05
8.07	-3.65006e-05
8.09	-3.65547e-05
8.11	-3.66089e-05
8.13	-3.66631e-05
8.15	-3.67174e-05
8.17	-3.67718e-05
8.19	-3.68263e-05
8.21	-3.68808e-05
8.23	-3.69354e-05
8.25	-3.699e-05
8.27	-3.70448e-05
8.29	-3.70996e-05
8.31	-3.71544e-05
8.33	-3.72094e-05
8.35	-3.72644e-05
8.37	-3.73195e-05
8.39	-3.73746e-05
8.41	-3.74298e-05
8.43	-3.74851e-05
8.45	-3.75405e-05
8.47	-3.75959e-05
8.49	-3.76514e-05
8.51	-3.7707e-05
8.53	-3.77626e-05
8.55	-3.78184e-05
8.57	-3.78741e-05
8.59	-3.793e-05
8.61	-3.79859e-05
8.63	-3.8042e-05
8.65	-3.8098e-05
8.67	-3.81542e-05
8.69	-3.82104e-05
8.71	-3.82667e-05
8.73	-3.83231e-05
8.75	-3.83795e-05
8.77	-3.8436e-05
8.79	-3.84926e-05
8.81	-3.85493e-05
8.83	-3.8606e-05
8.85	-3.86628e-05
8.87	-3.87197e-05
8.89	-3.87767e-05
8.91	-3.88337e-05
8.93	-3.88908e-05
8.95	-3.8948e-05
8.97	-3.90052e-05
8.99	-3.90626e-05
9.01	-3.912e-05
9.03	-3.91775e-05
9.05	-3.9235e-05
9.07	-3.92927e-05
9.09	-3.93504e-05
9.11	-3.94082e-05
9.13	-3.9466e-05
9.15	-3.95239e-05
9.17	-3.9582e-05
9.19	-3.964e-05
9.21	-3.96982e-05
9.23	-3.97565e-05
9.25	-3.98148e-05
9.27	-3.98732e-05
9.29	-3.99316e-05
9.31	-3.99902e-05
9.33	-4.00488e-05
9.35	-4.01075e-05
9.37	-4.01663e-05
9.39	-4.02252e-05
9.41	-4.02841e-05
9.43	-4.03431e-05
9.45	-4.04022e-05
9.47	-4.04614e-05
9.49	-4.05207e-05
9.51	-4.058e-05
9.53	-4.06394e-05
9.55	-4.06989e-05
9.57	-4.07585e-05
9.59	-4.08182e-05
9.61	-4.08779e-05
9.63	-4.09377e-05
9.65	-4.09976e-05
9.67	-4.10576e-05
9.69	-4.11176e-05
9.71	-4.11778e-05
9.73	-4.1238e-05
9.75	-4.12983e-05
9.77	-4.13587e-05
9.79	-4.14192e-05
9.81	-4.14797e-05
9.83	-4.15403e-05
9.85	-4.16011e-05
9.87	-4.16618e-05
9.89	-4.17227e-05
9.91	-4.17837e-05
9.93	-4.18447e-05
9.95	-4.19059e-05
9.97	-4.19671e-05
9.99	-4.20284e-05
