label:AIS.v( 1 )
500
0.03	-59.9129
0.05	-59.8266
0.07	-59.7406
0.09	-59.6545
0.11	-59.5679
0.13	-59.4806
0.15	-59.3923
0.17	-59.3029
0.19	-59.2124
0.21	-59.1207
0.23	-59.0278
0.25	-58.9336
0.27	-58.838
0.29	-58.741
0.31	-58.6427
0.33	-58.5429
0.35	-58.4415
0.37	-58.3387
0.39	-58.2342
0.41	-58.1281
0.43	-58.0203
0.45	-57.9108
0.47	-57.7995
0.49	-57.6863
0.51	-57.5712
0.53	-57.4542
0.55	-57.335
0.57	-57.2138
0.59	-57.0904
0.61	-56.9647
0.63	-56.8366
0.65	-56.706
0.67	-56.5729
0.69	-56.4371
0.71	-56.2984
0.73	-56.1569
0.75	-56.0122
0.77	-55.8643
0.79	-55.7129
0.81	-55.558
0.83	-55.3993
0.85	-55.2365
0.87	-55.0695
0.89	-54.8979
0.91	-54.7214
0.93	-54.5398
0.95	-54.3526
0.97	-54.1595
0.99	-53.9599
1.01	-53.7533
1.03	-53.5391
1.05	-53.3167
1.07	-53.0853
1.09	-52.8439
1.11	-52.5916
1.13	-52.3271
1.15	-52.0491
1.17	-51.7559
1.19	-51.4456
1.21	-51.1158
1.23	-50.7638
1.25	-50.3861
1.27	-49.9785
1.29	-49.5358
1.31	-49.0515
1.33	-48.5172
1.35	-47.9219
1.37	-47.2514
1.39	-46.4864
1.41	-45.6007
1.43	-44.5582
1.45	-43.3076
1.47	-41.7771
1.49	-39.8665
1.51	-37.4447
1.53	-34.3668
1.55	-30.5417
1.57	-26.0545
1.59	-21.2366
1.61	-16.5276
1.63	-12.2484
1.65	-8.53004
1.67	-5.39281
1.69	-2.83431
1.71	-0.87089
1.73	0.453189
1.75	1.07182
1.77	0.912865
1.79	-0.0779166
1.81	-1.91092
1.83	-4.53488
1.85	-7.83587
1.87	-11.6541
1.89	-15.811
1.91	-20.137
1.93	-24.4936
1.95	-28.7849
1.97	-32.9568
1.99	-36.9873
2.01	-40.8767
2.03	-44.633
2.05	-48.2475
2.07	-51.6775
2.09	-54.8608
2.11	-57.7468
2.13	-60.3143
2.15	-62.5684
2.17	-64.5304
2.19	-66.2282
2.21	-67.6901
2.23	-68.943
2.25	-70.012
2.27	-70.9206
2.29	-71.6903
2.31	-72.3409
2.33	-72.8898
2.35	-73.3527
2.37	-73.7429
2.39	-74.0719
2.41	-74.3497
2.43	-74.5845
2.45	-74.7832
2.47	-74.9516
2.49	-75.0947
2.51	-75.2165
2.53	-75.3202
2.55	-75.4088
2.57	-75.4845
2.59	-75.5494
2.61	-75.6049
2.63	-75.6526
2.65	-75.6934
2.67	-75.7284
2.69	-75.7583
2.71	-75.7839
2.73	-75.8056
2.75	-75.8241
2.77	-75.8397
2.79	-75.8527
2.81	-75.8634
2.83	-75.8722
2.85	-75.8791
2.87	-75.8845
2.89	-75.8885
2.91	-75.8913
2.93	-75.8929
2.95	-75.8934
2.97	-75.8931
2.99	-75.8919
3.01	-75.8899
3.03	-75.8872
3.05	-75.8839
3.07	-75.8801
3.09	-75.8757
3.11	-75.8708
3.13	-75.8655
3.15	-75.8598
3.17	-75.8537
3.19	-75.8473
3.21	-75.8406
3.23	-75.8336
3.25	-75.8263
3.27	-75.8188
3.29	-75.8111
3.31	-75.8032
3.33	-75.7951
3.35	-75.7868
3.37	-75.7785
3.39	-75.7699
3.41	-75.7613
3.43	-75.7526
3.45	-75.7437
3.47	-75.7348
3.49	-75.7258
3.51	-75.7168
3.53	-75.7077
3.55	-75.6986
3.57	-75.6894
3.59	-75.6802
3.61	-75.671
3.63	-75.6618
3.65	-75.6525
3.67	-75.6433
3.69	-75.634
3.71	-75.6248
3.73	-75.6156
3.75	-75.6064
3.77	-75.5972
3.79	-75.588
3.81	-75.5789
3.83	-75.5698
3.85	-75.5607
3.87	-75.5517
3.89	-75.5427
3.91	-75.5337
3.93	-75.5247
3.95	-75.5158
3.97	-75.507
3.99	-75.4982
4.01	-75.4894
4.03	-75.4807
4.05	-75.472
4.07	-75.4633
4.09	-75.4547
4.11	-75.4462
4.13	-75.4377
4.15	-75.4292
4.17	-75.4208
4.19	-75.4124
4.21	-75.4041
4.23	-75.3958
4.25	-75.3875
4.27	-75.3793
4.29	-75.3712
4.31	-75.363
4.33	-75.355
4.35	-75.3469
4.37	-75.3389
4.39	-75.331
4.41	-75.323
4.43	-75.3152
4.45	-75.3073
4.47	-75.2995
4.49	-75.2917
4.51	-75.284
4.53	-75.2763
4.55	-75.2686
4.57	-75.261
4.59	-75.2533
4.61	-75.2458
4.63	-75.2382
4.65	-75.2307
4.67	-75.2232
4.69	-75.2158
4.71	-75.2083
4.73	-75.2009
4.75	-75.1935
4.77	-75.1862
4.79	-75.1788
4.81	-75.1715
4.83	-75.1642
4.85	-75.157
4.87	-75.1497
4.89	-75.1425
4.91	-75.1353
4.93	-75.1281
4.95	-75.121
4.97	-75.1138
4.99	-75.1067
5.01	-75.0996
5.03	-75.0925
5.05	-75.0855
5.07	-75.0784
5.09	-75.0714
5.11	-75.0643
5.13	-75.0573
5.15	-75.0503
5.17	-75.0434
5.19	-75.0364
5.21	-75.0294
5.23	-75.0225
5.25	-75.0156
5.27	-75.0086
5.29	-75.0017
5.31	-74.9948
5.33	-74.988
5.35	-74.9811
5.37	-74.9742
5.39	-74.9674
5.41	-74.9605
5.43	-74.9537
5.45	-74.9469
5.47	-74.94
5.49	-74.9332
5.51	-74.9264
5.53	-74.9196
5.55	-74.9129
5.57	-74.9061
5.59	-74.8993
5.61	-74.8925
5.63	-74.8858
5.65	-74.879
5.67	-74.8723
5.69	-74.8656
5.71	-74.8588
5.73	-74.8521
5.75	-74.8454
5.77	-74.8387
5.79	-74.832
5.81	-74.8253
5.83	-74.8186
5.85	-74.8119
5.87	-74.8052
5.89	-74.7985
5.91	-74.7918
5.93	-74.7852
5.95	-74.7785
5.97	-74.7718
5.99	-74.7652
6.01	-74.7585
6.03	-74.7519
6.05	-74.7452
6.07	-74.7386
6.09	-74.7319
6.11	-74.7253
6.13	-74.7187
6.15	-74.7121
6.17	-74.7054
6.19	-74.6988
6.21	-74.6922
6.23	-74.6856
6.25	-74.679
6.27	-74.6723
6.29	-74.6657
6.31	-74.6591
6.33	-74.6525
6.35	-74.6459
6.37	-74.6394
6.39	-74.6328
6.41	-74.6262
6.43	-74.6196
6.45	-74.613
6.47	-74.6064
6.49	-74.5998
6.51	-74.5933
6.53	-74.5867
6.55	-74.5801
6.57	-74.5736
6.59	-74.567
6.61	-74.5604
6.63	-74.5539
6.65	-74.5473
6.67	-74.5407
6.69	-74.5342
6.71	-74.5276
6.73	-74.5211
6.75	-74.5145
6.77	-74.508
6.79	-74.5014
6.81	-74.4949
6.83	-74.4884
6.85	-74.4818
6.87	-74.4753
6.89	-74.4688
6.91	-74.4622
6.93	-74.4557
6.95	-74.4492
6.97	-74.4426
6.99	-74.4361
7.01	-74.4296
7.03	-74.4231
7.05	-74.4165
7.07	-74.41
7.09	-74.4035
7.11	-74.397
7.13	-74.3905
7.15	-74.384
7.17	-74.3775
7.19	-74.371
7.21	-74.3645
7.23	-74.3579
7.25	-74.3514
7.27	-74.3449
7.29	-74.3384
7.31	-74.332
7.33	-74.3255
7.35	-74.319
7.37	-74.3125
7.39	-74.306
7.41	-74.2995
7.43	-74.293
7.45	-74.2865
7.47	-74.28
7.49	-74.2736
7.51	-74.2671
7.53	-74.2606
7.55	-74.2541
7.57	-74.2476
7.59	-74.2412
7.61	-74.2347
7.63	-74.2282
7.65	-74.2217
7.67	-74.2153
7.69	-74.2088
7.71	-74.2023
7.73	-74.1959
7.75	-74.1894
7.77	-74.183
7.79	-74.1765
7.81	-74.17
7.83	-74.1636
7.85	-74.1571
7.87	-74.1507
7.89	-74.1442
7.91	-74.1378
7.93	-74.1313
7.95	-74.1249
7.97	-74.1184
7.99	-74.112
8.01	-74.1055
8.03	-74.0991
8.05	-74.0926
8.07	-74.0862
8.09	-74.0798
8.11	-74.0733
8.13	-74.0669
8.15	-74.0605
8.17	-74.054
8.19	-74.0476
8.21	-74.0412
8.23	-74.0347
8.25	-74.0283
8.27	-74.0219
8.29	-74.0154
8.31	-74.009
8.33	-74.0026
8.35	-73.9962
8.37	-73.9897
8.39	-73.9833
8.41	-73.9769
8.43	-73.9705
8.45	-73.9641
8.47	-73.9577
8.49	-73.9512
8.51	-73.9448
8.53	-73.9384
8.55	-73.932
8.57	-73.9256
8.59	-73.9192
8.61	-73.9128
8.63	-73.9064
8.65	-73.9
8.67	-73.8936
8.69	-73.8872
8.71	-73.8808
8.73	-73.8744
8.75	-73.868
8.77	-73.8616
8.79	-73.8552
8.81	-73.8488
8.83	-73.8424
8.85	-73.836
8.87	-73.8296
8.89	-73.8232
8.91	-73.8168
8.93	-73.8104
8.95	-73.804
8.97	-73.7976
8.99	-73.7913
9.01	-73.7849
9.03	-73.7785
9.05	-73.7721
9.07	-73.7657
9.09	-73.7593
9.11	-73.7529
9.13	-73.7466
9.15	-73.7402
9.17	-73.7338
9.19	-73.7274
9.21	-73.7211
9.23	-73.7147
9.25	-73.7083
9.27	-73.7019
9.29	-73.6955
9.31	-73.6892
9.33	-73.6828
9.35	-73.6764
9.37	-73.6701
9.39	-73.6637
9.41	-73.6573
9.43	-73.651
9.45	-73.6446
9.47	-73.6382
9.49	-73.6319
9.51	-73.6255
9.53	-73.6191
9.55	-73.6128
9.57	-73.6064
9.59	-73.6
9.61	-73.5937
9.63	-73.5873
9.65	-73.581
9.67	-73.5746
9.69	-73.5682
9.71	-73.5619
9.73	-73.5555
9.75	-73.5492
9.77	-73.5428
9.79	-73.5365
9.81	-73.5301
9.83	-73.5238
9.85	-73.5174
9.87	-73.511
9.89	-73.5047
9.91	-73.4983
9.93	-73.492
9.95	-73.4856
9.97	-73.4793
9.99	-73.4729
10.01	-73.4666
