label:AIS.ica_newCaP( 0.5 )
500
0.01	-0.000917419
0.03	-0.000922231
0.05	-0.000931298
0.07	-0.000943381
0.09	-0.00095766
0.11	-0.000973602
0.13	-0.000990864
0.15	-0.00100923
0.17	-0.00102856
0.19	-0.00104879
0.21	-0.00106987
0.23	-0.00109178
0.25	-0.00111453
0.27	-0.00113814
0.29	-0.00116263
0.31	-0.00118803
0.33	-0.00121438
0.35	-0.00124173
0.37	-0.00127012
0.39	-0.00129961
0.41	-0.00133024
0.43	-0.00136209
0.45	-0.00139522
0.47	-0.00142969
0.49	-0.00146559
0.51	-0.001503
0.53	-0.001542
0.55	-0.00158269
0.57	-0.00162518
0.59	-0.00166957
0.61	-0.001716
0.63	-0.00176458
0.65	-0.00181546
0.67	-0.00186881
0.69	-0.00192478
0.71	-0.00198358
0.73	-0.0020454
0.75	-0.00211047
0.77	-0.00217905
0.79	-0.0022514
0.81	-0.00232784
0.83	-0.00240871
0.85	-0.0024944
0.87	-0.00258532
0.89	-0.00268197
0.91	-0.00278487
0.93	-0.00289466
0.95	-0.00301203
0.97	-0.00313777
0.99	-0.00327281
1.01	-0.0034182
1.03	-0.00357517
1.05	-0.00374515
1.07	-0.00392981
1.09	-0.00413114
1.11	-0.0043515
1.13	-0.0045937
1.15	-0.00486118
1.17	-0.00515807
1.19	-0.00548953
1.21	-0.00586191
1.23	-0.00628326
1.25	-0.0067638
1.27	-0.00731679
1.29	-0.00795961
1.31	-0.00871548
1.33	-0.00961602
1.35	-0.0107052
1.37	-0.0120454
1.39	-0.013728
1.41	-0.0158896
1.43	-0.018742
1.45	-0.0226242
1.47	-0.0281002
1.49	-0.0361559
1.51	-0.048626
1.53	-0.0691467
1.55	-0.104595
1.57	-0.162862
1.59	-0.242107
1.61	-0.333655
1.63	-0.431414
1.65	-0.525614
1.67	-0.603919
1.69	-0.662303
1.71	-0.709108
1.73	-0.760088
1.75	-0.832538
1.77	-0.941478
1.79	-1.09681
1.81	-1.29967
1.83	-1.53276
1.85	-1.74774
1.87	-1.88074
1.89	-1.864
1.91	-1.65832
1.93	-1.33864
1.95	-1.02177
1.97	-0.758212
1.99	-0.553021
2.01	-0.39833
2.03	-0.284137
2.05	-0.20114
2.07	-0.141529
2.09	-0.0991113
2.11	-0.0691464
2.13	-0.0481
2.15	-0.033384
2.17	-0.0231306
2.19	-0.0160061
2.21	-0.0110661
2.23	-0.0076465
2.25	-0.00528234
2.27	-0.00364945
2.29	-0.0025225
2.31	-0.00174517
2.33	-0.00120923
2.35	-0.000839849
2.37	-0.000585334
2.39	-0.000410001
2.41	-0.000289236
2.43	-0.000206069
2.45	-0.000148803
2.47	-0.000109378
2.49	-8.22433e-05
2.51	-6.35732e-05
2.53	-5.07341e-05
2.55	-4.19119e-05
2.57	-3.58576e-05
2.59	-3.17108e-05
2.61	-2.88791e-05
2.63	-2.69544e-05
2.65	-2.56557e-05
2.67	-2.47892e-05
2.69	-2.42215e-05
2.71	-2.38605e-05
2.73	-2.36428e-05
2.75	-2.35245e-05
2.77	-2.34755e-05
2.79	-2.34747e-05
2.81	-2.35076e-05
2.83	-2.35643e-05
2.85	-2.36377e-05
2.87	-2.37229e-05
2.89	-2.38165e-05
2.91	-2.39161e-05
2.93	-2.40201e-05
2.95	-2.41271e-05
2.97	-2.42364e-05
2.99	-2.43473e-05
3.01	-2.44593e-05
3.03	-2.4572e-05
3.05	-2.46853e-05
3.07	-2.47988e-05
3.09	-2.49124e-05
3.11	-2.5026e-05
3.13	-2.51395e-05
3.15	-2.52527e-05
3.17	-2.53655e-05
3.19	-2.5478e-05
3.21	-2.55899e-05
3.23	-2.57013e-05
3.25	-2.58122e-05
3.27	-2.59223e-05
3.29	-2.60318e-05
3.31	-2.61405e-05
3.33	-2.62484e-05
3.35	-2.63555e-05
3.37	-2.64618e-05
3.39	-2.65672e-05
3.41	-2.66717e-05
3.43	-2.67752e-05
3.45	-2.68778e-05
3.47	-2.69795e-05
3.49	-2.70802e-05
3.51	-2.71799e-05
3.53	-2.72786e-05
3.55	-2.73762e-05
3.57	-2.74729e-05
3.59	-2.75686e-05
3.61	-2.76632e-05
3.63	-2.77568e-05
3.65	-2.78494e-05
3.67	-2.7941e-05
3.69	-2.80316e-05
3.71	-2.81212e-05
3.73	-2.82098e-05
3.75	-2.82974e-05
3.77	-2.8384e-05
3.79	-2.84697e-05
3.81	-2.85544e-05
3.83	-2.86382e-05
3.85	-2.87211e-05
3.87	-2.88031e-05
3.89	-2.88841e-05
3.91	-2.89643e-05
3.93	-2.90437e-05
3.95	-2.91222e-05
3.97	-2.91998e-05
3.99	-2.92767e-05
4.01	-2.93527e-05
4.03	-2.9428e-05
4.05	-2.95025e-05
4.07	-2.95763e-05
4.09	-2.96494e-05
4.11	-2.97217e-05
4.13	-2.97934e-05
4.15	-2.98644e-05
4.17	-2.99347e-05
4.19	-3.00044e-05
4.21	-3.00735e-05
4.23	-3.0142e-05
4.25	-3.02099e-05
4.27	-3.02773e-05
4.29	-3.0344e-05
4.31	-3.04103e-05
4.33	-3.0476e-05
4.35	-3.05412e-05
4.37	-3.0606e-05
4.39	-3.06702e-05
4.41	-3.0734e-05
4.43	-3.07974e-05
4.45	-3.08603e-05
4.47	-3.09229e-05
4.49	-3.0985e-05
4.51	-3.10467e-05
4.53	-3.11081e-05
4.55	-3.11691e-05
4.57	-3.12297e-05
4.59	-3.129e-05
4.61	-3.135e-05
4.63	-3.14097e-05
4.65	-3.1469e-05
4.67	-3.15281e-05
4.69	-3.15869e-05
4.71	-3.16454e-05
4.73	-3.17037e-05
4.75	-3.17617e-05
4.77	-3.18195e-05
4.79	-3.1877e-05
4.81	-3.19344e-05
4.83	-3.19915e-05
4.85	-3.20484e-05
4.87	-3.21051e-05
4.89	-3.21616e-05
4.91	-3.2218e-05
4.93	-3.22741e-05
4.95	-3.23302e-05
4.97	-3.2386e-05
4.99	-3.24417e-05
5.01	-3.24973e-05
5.03	-3.25527e-05
5.05	-3.2608e-05
5.07	-3.26631e-05
5.09	-3.27182e-05
5.11	-3.27731e-05
5.13	-3.2828e-05
5.15	-3.28827e-05
5.17	-3.29373e-05
5.19	-3.29919e-05
5.21	-3.30463e-05
5.23	-3.31007e-05
5.25	-3.3155e-05
5.27	-3.32092e-05
5.29	-3.32634e-05
5.31	-3.33175e-05
5.33	-3.33715e-05
5.35	-3.34255e-05
5.37	-3.34794e-05
5.39	-3.35333e-05
5.41	-3.35871e-05
5.43	-3.36409e-05
5.45	-3.36947e-05
5.47	-3.37484e-05
5.49	-3.38021e-05
5.51	-3.38558e-05
5.53	-3.39095e-05
5.55	-3.39631e-05
5.57	-3.40167e-05
5.59	-3.40703e-05
5.61	-3.41239e-05
5.63	-3.41774e-05
5.65	-3.4231e-05
5.67	-3.42846e-05
5.69	-3.43381e-05
5.71	-3.43917e-05
5.73	-3.44452e-05
5.75	-3.44988e-05
5.77	-3.45523e-05
5.79	-3.46059e-05
5.81	-3.46595e-05
5.83	-3.47131e-05
5.85	-3.47667e-05
5.87	-3.48203e-05
5.89	-3.48739e-05
5.91	-3.49276e-05
5.93	-3.49813e-05
5.95	-3.5035e-05
5.97	-3.50887e-05
5.99	-3.51424e-05
6.01	-3.51962e-05
6.03	-3.525e-05
6.05	-3.53038e-05
6.07	-3.53577e-05
6.09	-3.54115e-05
6.11	-3.54655e-05
6.13	-3.55194e-05
6.15	-3.55734e-05
6.17	-3.56274e-05
6.19	-3.56815e-05
6.21	-3.57355e-05
6.23	-3.57897e-05
6.25	-3.58439e-05
6.27	-3.58981e-05
6.29	-3.59523e-05
6.31	-3.60066e-05
6.33	-3.6061e-05
6.35	-3.61153e-05
6.37	-3.61698e-05
6.39	-3.62242e-05
6.41	-3.62788e-05
6.43	-3.63333e-05
6.45	-3.63879e-05
6.47	-3.64426e-05
6.49	-3.64973e-05
6.51	-3.65521e-05
6.53	-3.66069e-05
6.55	-3.66618e-05
6.57	-3.67167e-05
6.59	-3.67717e-05
6.61	-3.68267e-05
6.63	-3.68818e-05
6.65	-3.69369e-05
6.67	-3.69921e-05
6.69	-3.70473e-05
6.71	-3.71026e-05
6.73	-3.7158e-05
6.75	-3.72134e-05
6.77	-3.72689e-05
6.79	-3.73244e-05
6.81	-3.738e-05
6.83	-3.74356e-05
6.85	-3.74914e-05
6.87	-3.75471e-05
6.89	-3.7603e-05
6.91	-3.76588e-05
6.93	-3.77148e-05
6.95	-3.77708e-05
6.97	-3.78269e-05
6.99	-3.7883e-05
7.01	-3.79392e-05
7.03	-3.79955e-05
7.05	-3.80518e-05
7.07	-3.81082e-05
7.09	-3.81647e-05
7.11	-3.82212e-05
7.13	-3.82778e-05
7.15	-3.83344e-05
7.17	-3.83912e-05
7.19	-3.8448e-05
7.21	-3.85048e-05
7.23	-3.85617e-05
7.25	-3.86187e-05
7.27	-3.86758e-05
7.29	-3.87329e-05
7.31	-3.87901e-05
7.33	-3.88473e-05
7.35	-3.89047e-05
7.37	-3.89621e-05
7.39	-3.90195e-05
7.41	-3.90771e-05
7.43	-3.91347e-05
7.45	-3.91924e-05
7.47	-3.92501e-05
7.49	-3.93079e-05
7.51	-3.93658e-05
7.53	-3.94238e-05
7.55	-3.94818e-05
7.57	-3.95399e-05
7.59	-3.95981e-05
7.61	-3.96563e-05
7.63	-3.97147e-05
7.65	-3.97731e-05
7.67	-3.98315e-05
7.69	-3.98901e-05
7.71	-3.99487e-05
7.73	-4.00074e-05
7.75	-4.00661e-05
7.77	-4.0125e-05
7.79	-4.01839e-05
7.81	-4.02429e-05
7.83	-4.0302e-05
7.85	-4.03611e-05
7.87	-4.04203e-05
7.89	-4.04796e-05
7.91	-4.0539e-05
7.93	-4.05984e-05
7.95	-4.06579e-05
7.97	-4.07175e-05
7.99	-4.07772e-05
8.01	-4.0837e-05
8.03	-4.08968e-05
8.05	-4.09567e-05
8.07	-4.10167e-05
8.09	-4.10768e-05
8.11	-4.11369e-05
8.13	-4.11971e-05
8.15	-4.12574e-05
8.17	-4.13178e-05
8.19	-4.13783e-05
8.21	-4.14388e-05
8.23	-4.14994e-05
8.25	-4.15601e-05
8.27	-4.16209e-05
8.29	-4.16818e-05
8.31	-4.17427e-05
8.33	-4.18037e-05
8.35	-4.18648e-05
8.37	-4.1926e-05
8.39	-4.19873e-05
8.41	-4.20487e-05
8.43	-4.21101e-05
8.45	-4.21716e-05
8.47	-4.22332e-05
8.49	-4.22949e-05
8.51	-4.23567e-05
8.53	-4.24185e-05
8.55	-4.24805e-05
8.57	-4.25425e-05
8.59	-4.26046e-05
8.61	-4.26668e-05
8.63	-4.2729e-05
8.65	-4.27914e-05
8.67	-4.28538e-05
8.69	-4.29164e-05
8.71	-4.2979e-05
8.73	-4.30417e-05
8.75	-4.31045e-05
8.77	-4.31673e-05
8.79	-4.32303e-05
8.81	-4.32933e-05
8.83	-4.33565e-05
8.85	-4.34197e-05
8.87	-4.3483e-05
8.89	-4.35464e-05
8.91	-4.36099e-05
8.93	-4.36735e-05
8.95	-4.37371e-05
8.97	-4.38009e-05
8.99	-4.38647e-05
9.01	-4.39287e-05
9.03	-4.39927e-05
9.05	-4.40568e-05
9.07	-4.4121e-05
9.09	-4.41853e-05
9.11	-4.42497e-05
9.13	-4.43141e-05
9.15	-4.43787e-05
9.17	-4.44433e-05
9.19	-4.45081e-05
9.21	-4.45729e-05
9.23	-4.46379e-05
9.25	-4.47029e-05
9.27	-4.4768e-05
9.29	-4.48332e-05
9.31	-4.48985e-05
9.33	-4.49639e-05
9.35	-4.50294e-05
9.37	-4.5095e-05
9.39	-4.51607e-05
9.41	-4.52265e-05
9.43	-4.52923e-05
9.45	-4.53583e-05
9.47	-4.54243e-05
9.49	-4.54905e-05
9.51	-4.55568e-05
9.53	-4.56231e-05
9.55	-4.56896e-05
9.57	-4.57561e-05
9.59	-4.58227e-05
9.61	-4.58895e-05
9.63	-4.59563e-05
9.65	-4.60232e-05
9.67	-4.60903e-05
9.69	-4.61574e-05
9.71	-4.62246e-05
9.73	-4.62919e-05
9.75	-4.63594e-05
9.77	-4.64269e-05
9.79	-4.64945e-05
9.81	-4.65623e-05
9.83	-4.66301e-05
9.85	-4.6698e-05
9.87	-4.6766e-05
9.89	-4.68342e-05
9.91	-4.69024e-05
9.93	-4.69707e-05
9.95	-4.70392e-05
9.97	-4.71077e-05
9.99	-4.71764e-05
