label:AIS.v( 1 )
500
0.03	-59.9129
0.05	-59.8266
0.07	-59.7406
0.09	-59.6545
0.11	-59.5678
0.13	-59.4804
0.15	-59.3921
0.17	-59.3026
0.19	-59.212
0.21	-59.1202
0.23	-59.0272
0.25	-58.9328
0.27	-58.8371
0.29	-58.74
0.31	-58.6414
0.33	-58.5414
0.35	-58.4399
0.37	-58.3368
0.39	-58.2321
0.41	-58.1258
0.43	-58.0178
0.45	-57.908
0.47	-57.7964
0.49	-57.683
0.51	-57.5676
0.53	-57.4503
0.55	-57.3309
0.57	-57.2094
0.59	-57.0857
0.61	-56.9597
0.63	-56.8313
0.65	-56.7004
0.67	-56.567
0.69	-56.4308
0.71	-56.2918
0.73	-56.1499
0.75	-56.0049
0.77	-55.8566
0.79	-55.7049
0.81	-55.5495
0.83	-55.3904
0.85	-55.2272
0.87	-55.0597
0.89	-54.8877
0.91	-54.7108
0.93	-54.5287
0.95	-54.341
0.97	-54.1473
0.99	-53.9471
1.01	-53.7399
1.03	-53.5251
1.05	-53.302
1.07	-53.0698
1.09	-52.8276
1.11	-52.5744
1.13	-52.309
1.15	-52.0299
1.17	-51.7356
1.19	-51.4239
1.21	-51.0927
1.23	-50.739
1.25	-50.3594
1.27	-49.9496
1.29	-49.5043
1.31	-49.017
1.33	-48.479
1.35	-47.8792
1.37	-47.2032
1.39	-46.4313
1.41	-45.5367
1.43	-44.4825
1.45	-43.2165
1.47	-41.6651
1.49	-39.7264
1.51	-37.2677
1.53	-34.1452
1.55	-30.2754
1.57	-25.7596
1.59	-20.9426
1.61	-16.2644
1.63	-12.0391
1.65	-8.40275
1.67	-5.41003
1.69	-3.13864
1.71	-1.74268
1.73	-1.44708
1.75	-2.48313
1.77	-4.98565
1.79	-8.90531
1.81	-13.9918
1.83	-19.8568
1.85	-26.079
1.87	-32.3018
1.89	-38.2842
1.91	-43.9067
1.93	-49.1215
1.95	-53.8566
1.97	-58.0171
1.99	-61.5591
2.01	-64.5065
2.03	-66.9228
2.05	-68.8825
2.07	-70.4576
2.09	-71.7135
2.11	-72.7083
2.13	-73.4922
2.15	-74.1076
2.17	-74.5895
2.19	-74.9663
2.21	-75.2608
2.23	-75.4908
2.25	-75.6704
2.27	-75.8106
2.29	-75.9198
2.31	-76.0047
2.33	-76.0703
2.35	-76.1205
2.37	-76.1585
2.39	-76.1866
2.41	-76.2066
2.43	-76.22
2.45	-76.2279
2.47	-76.2314
2.49	-76.231
2.51	-76.2275
2.53	-76.2213
2.55	-76.2127
2.57	-76.2023
2.59	-76.1902
2.61	-76.1767
2.63	-76.1619
2.65	-76.1462
2.67	-76.1295
2.69	-76.1122
2.71	-76.0941
2.73	-76.0756
2.75	-76.0566
2.77	-76.0373
2.79	-76.0177
2.81	-75.9978
2.83	-75.9778
2.85	-75.9576
2.87	-75.9373
2.89	-75.917
2.91	-75.8966
2.93	-75.8762
2.95	-75.8559
2.97	-75.8356
2.99	-75.8153
3.01	-75.7952
3.03	-75.7751
3.05	-75.7552
3.07	-75.7353
3.09	-75.7156
3.11	-75.6961
3.13	-75.6767
3.15	-75.6575
3.17	-75.6385
3.19	-75.6196
3.21	-75.601
3.23	-75.5825
3.25	-75.5642
3.27	-75.5461
3.29	-75.5283
3.31	-75.5106
3.33	-75.4932
3.35	-75.476
3.37	-75.459
3.39	-75.4422
3.41	-75.4256
3.43	-75.4093
3.45	-75.3932
3.47	-75.3773
3.49	-75.3616
3.51	-75.3461
3.53	-75.3309
3.55	-75.3158
3.57	-75.301
3.59	-75.2864
3.61	-75.272
3.63	-75.2578
3.65	-75.2438
3.67	-75.23
3.69	-75.2164
3.71	-75.203
3.73	-75.1898
3.75	-75.1768
3.77	-75.1639
3.79	-75.1512
3.81	-75.1387
3.83	-75.1264
3.85	-75.1143
3.87	-75.1023
3.89	-75.0905
3.91	-75.0788
3.93	-75.0673
3.95	-75.0559
3.97	-75.0447
3.99	-75.0336
4.01	-75.0227
4.03	-75.0119
4.05	-75.0012
4.07	-74.9907
4.09	-74.9802
4.11	-74.9699
4.13	-74.9598
4.15	-74.9497
4.17	-74.9398
4.19	-74.9299
4.21	-74.9202
4.23	-74.9105
4.25	-74.901
4.27	-74.8916
4.29	-74.8822
4.31	-74.873
4.33	-74.8638
4.35	-74.8547
4.37	-74.8457
4.39	-74.8368
4.41	-74.8279
4.43	-74.8192
4.45	-74.8105
4.47	-74.8019
4.49	-74.7933
4.51	-74.7848
4.53	-74.7764
4.55	-74.7681
4.57	-74.7598
4.59	-74.7515
4.61	-74.7433
4.63	-74.7352
4.65	-74.7271
4.67	-74.7191
4.69	-74.7111
4.71	-74.7032
4.73	-74.6953
4.75	-74.6875
4.77	-74.6797
4.79	-74.6719
4.81	-74.6642
4.83	-74.6565
4.85	-74.6489
4.87	-74.6413
4.89	-74.6338
4.91	-74.6262
4.93	-74.6188
4.95	-74.6113
4.97	-74.6039
4.99	-74.5965
5.01	-74.5891
5.03	-74.5818
5.05	-74.5745
5.07	-74.5672
5.09	-74.5599
5.11	-74.5527
5.13	-74.5455
5.15	-74.5383
5.17	-74.5311
5.19	-74.524
5.21	-74.5169
5.23	-74.5098
5.25	-74.5027
5.27	-74.4957
5.29	-74.4886
5.31	-74.4816
5.33	-74.4746
5.35	-74.4676
5.37	-74.4606
5.39	-74.4537
5.41	-74.4467
5.43	-74.4398
5.45	-74.4329
5.47	-74.426
5.49	-74.4191
5.51	-74.4123
5.53	-74.4054
5.55	-74.3986
5.57	-74.3918
5.59	-74.3849
5.61	-74.3781
5.63	-74.3713
5.65	-74.3646
5.67	-74.3578
5.69	-74.351
5.71	-74.3443
5.73	-74.3375
5.75	-74.3308
5.77	-74.3241
5.79	-74.3174
5.81	-74.3106
5.83	-74.3039
5.85	-74.2973
5.87	-74.2906
5.89	-74.2839
5.91	-74.2772
5.93	-74.2706
5.95	-74.2639
5.97	-74.2573
5.99	-74.2506
6.01	-74.244
6.03	-74.2374
6.05	-74.2308
6.07	-74.2241
6.09	-74.2175
6.11	-74.2109
6.13	-74.2043
6.15	-74.1977
6.17	-74.1912
6.19	-74.1846
6.21	-74.178
6.23	-74.1714
6.25	-74.1649
6.27	-74.1583
6.29	-74.1517
6.31	-74.1452
6.33	-74.1386
6.35	-74.1321
6.37	-74.1256
6.39	-74.119
6.41	-74.1125
6.43	-74.106
6.45	-74.0994
6.47	-74.0929
6.49	-74.0864
6.51	-74.0799
6.53	-74.0734
6.55	-74.0669
6.57	-74.0604
6.59	-74.0539
6.61	-74.0474
6.63	-74.0409
6.65	-74.0344
6.67	-74.0279
6.69	-74.0214
6.71	-74.0149
6.73	-74.0085
6.75	-74.002
6.77	-73.9955
6.79	-73.9891
6.81	-73.9826
6.83	-73.9761
6.85	-73.9697
6.87	-73.9632
6.89	-73.9567
6.91	-73.9503
6.93	-73.9438
6.95	-73.9374
6.97	-73.9309
6.99	-73.9245
7.01	-73.918
7.03	-73.9116
7.05	-73.9052
7.07	-73.8987
7.09	-73.8923
7.11	-73.8859
7.13	-73.8794
7.15	-73.873
7.17	-73.8666
7.19	-73.8601
7.21	-73.8537
7.23	-73.8473
7.25	-73.8409
7.27	-73.8345
7.29	-73.828
7.31	-73.8216
7.33	-73.8152
7.35	-73.8088
7.37	-73.8024
7.39	-73.796
7.41	-73.7896
7.43	-73.7832
7.45	-73.7768
7.47	-73.7704
7.49	-73.764
7.51	-73.7576
7.53	-73.7512
7.55	-73.7448
7.57	-73.7384
7.59	-73.732
7.61	-73.7256
7.63	-73.7192
7.65	-73.7128
7.67	-73.7064
7.69	-73.7001
7.71	-73.6937
7.73	-73.6873
7.75	-73.6809
7.77	-73.6745
7.79	-73.6681
7.81	-73.6618
7.83	-73.6554
7.85	-73.649
7.87	-73.6426
7.89	-73.6363
7.91	-73.6299
7.93	-73.6235
7.95	-73.6171
7.97	-73.6108
7.99	-73.6044
8.01	-73.598
8.03	-73.5917
8.05	-73.5853
8.07	-73.5789
8.09	-73.5726
8.11	-73.5662
8.13	-73.5598
8.15	-73.5535
8.17	-73.5471
8.19	-73.5407
8.21	-73.5344
8.23	-73.528
8.25	-73.5217
8.27	-73.5153
8.29	-73.509
8.31	-73.5026
8.33	-73.4962
8.35	-73.4899
8.37	-73.4835
8.39	-73.4772
8.41	-73.4708
8.43	-73.4645
8.45	-73.4581
8.47	-73.4518
8.49	-73.4454
8.51	-73.4391
8.53	-73.4327
8.55	-73.4264
8.57	-73.42
8.59	-73.4137
8.61	-73.4074
8.63	-73.401
8.65	-73.3947
8.67	-73.3883
8.69	-73.382
8.71	-73.3756
8.73	-73.3693
8.75	-73.3629
8.77	-73.3566
8.79	-73.3503
8.81	-73.3439
8.83	-73.3376
8.85	-73.3312
8.87	-73.3249
8.89	-73.3186
8.91	-73.3122
8.93	-73.3059
8.95	-73.2995
8.97	-73.2932
8.99	-73.2869
9.01	-73.2805
9.03	-73.2742
9.05	-73.2679
9.07	-73.2615
9.09	-73.2552
9.11	-73.2488
9.13	-73.2425
9.15	-73.2362
9.17	-73.2298
9.19	-73.2235
9.21	-73.2172
9.23	-73.2108
9.25	-73.2045
9.27	-73.1982
9.29	-73.1918
9.31	-73.1855
9.33	-73.1792
9.35	-73.1728
9.37	-73.1665
9.39	-73.1602
9.41	-73.1538
9.43	-73.1475
9.45	-73.1412
9.47	-73.1348
9.49	-73.1285
9.51	-73.1222
9.53	-73.1158
9.55	-73.1095
9.57	-73.1032
9.59	-73.0968
9.61	-73.0905
9.63	-73.0842
9.65	-73.0778
9.67	-73.0715
9.69	-73.0651
9.71	-73.0588
9.73	-73.0525
9.75	-73.0461
9.77	-73.0398
9.79	-73.0335
9.81	-73.0271
9.83	-73.0208
9.85	-73.0145
9.87	-73.0081
9.89	-73.0018
9.91	-72.9954
9.93	-72.9891
9.95	-72.9828
9.97	-72.9764
9.99	-72.9701
10.01	-72.9638
