label:AIS.v( 1 )
500
0.03	-59.9129
0.05	-59.8266
0.07	-59.7406
0.09	-59.6545
0.11	-59.5679
0.13	-59.4805
0.15	-59.3922
0.17	-59.3028
0.19	-59.2122
0.21	-59.1205
0.23	-59.0275
0.25	-58.9332
0.27	-58.8376
0.29	-58.7406
0.31	-58.6421
0.33	-58.5422
0.35	-58.4408
0.37	-58.3378
0.39	-58.2332
0.41	-58.127
0.43	-58.0191
0.45	-57.9094
0.47	-57.798
0.49	-57.6847
0.51	-57.5694
0.53	-57.4522
0.55	-57.3329
0.57	-57.2115
0.59	-57.0879
0.61	-56.962
0.63	-56.8337
0.65	-56.703
0.67	-56.5696
0.69	-56.4336
0.71	-56.2947
0.73	-56.1529
0.75	-56.008
0.77	-55.8598
0.79	-55.7082
0.81	-55.553
0.83	-55.394
0.85	-55.2309
0.87	-55.0635
0.89	-54.8916
0.91	-54.7148
0.93	-54.5328
0.95	-54.3453
0.97	-54.1517
0.99	-53.9517
1.01	-53.7446
1.03	-53.53
1.05	-53.307
1.07	-53.075
1.09	-52.833
1.11	-52.58
1.13	-52.3148
1.15	-52.036
1.17	-51.7419
1.19	-51.4306
1.21	-51.0996
1.23	-50.7463
1.25	-50.3671
1.27	-49.9578
1.29	-49.5131
1.31	-49.0265
1.33	-48.4892
1.35	-47.8905
1.37	-47.2157
1.39	-46.4453
1.41	-45.5527
1.43	-44.501
1.45	-43.2384
1.47	-41.6915
1.49	-39.7588
1.51	-37.3078
1.53	-34.1942
1.55	-30.3326
1.57	-25.8202
1.59	-20.9989
1.61	-16.3075
1.63	-12.0583
1.65	-8.37651
1.67	-5.28464
1.69	-2.79115
1.71	-0.932929
1.73	0.215339
1.75	0.550996
1.77	-0.0310583
1.79	-1.60149
1.81	-4.16074
1.83	-7.62088
1.85	-11.8146
1.87	-16.5266
1.89	-21.5327
1.91	-26.6353
1.93	-31.6857
1.95	-36.5861
1.97	-41.2844
1.99	-45.7598
2.01	-49.9811
2.03	-53.8798
2.05	-57.3816
2.07	-60.4485
2.09	-63.0862
2.11	-65.3278
2.13	-67.2168
2.15	-68.7976
2.17	-70.1119
2.19	-71.1982
2.21	-72.0916
2.23	-72.8235
2.25	-73.4214
2.27	-73.9089
2.29	-74.306
2.31	-74.6296
2.33	-74.8931
2.35	-75.108
2.37	-75.2833
2.39	-75.4264
2.41	-75.5433
2.43	-75.6388
2.45	-75.7167
2.47	-75.7801
2.49	-75.8316
2.51	-75.8731
2.53	-75.9064
2.55	-75.9327
2.57	-75.9531
2.59	-75.9685
2.61	-75.9796
2.63	-75.987
2.65	-75.9913
2.67	-75.9928
2.69	-75.9919
2.71	-75.9888
2.73	-75.9839
2.75	-75.9773
2.77	-75.9693
2.79	-75.9599
2.81	-75.9494
2.83	-75.9378
2.85	-75.9254
2.87	-75.912
2.89	-75.898
2.91	-75.8833
2.93	-75.868
2.95	-75.8522
2.97	-75.8359
2.99	-75.8193
3.01	-75.8023
3.03	-75.7851
3.05	-75.7676
3.07	-75.7499
3.09	-75.732
3.11	-75.7141
3.13	-75.696
3.15	-75.6779
3.17	-75.6597
3.19	-75.6416
3.21	-75.6235
3.23	-75.6054
3.25	-75.5874
3.27	-75.5694
3.29	-75.5516
3.31	-75.5339
3.33	-75.5163
3.35	-75.4988
3.37	-75.4815
3.39	-75.4644
3.41	-75.4474
3.43	-75.4306
3.45	-75.414
3.47	-75.3976
3.49	-75.3813
3.51	-75.3652
3.53	-75.3494
3.55	-75.3337
3.57	-75.3182
3.59	-75.3029
3.61	-75.2878
3.63	-75.273
3.65	-75.2583
3.67	-75.2438
3.69	-75.2295
3.71	-75.2153
3.73	-75.2014
3.75	-75.1877
3.77	-75.1741
3.79	-75.1608
3.81	-75.1476
3.83	-75.1346
3.85	-75.1218
3.87	-75.1091
3.89	-75.0966
3.91	-75.0843
3.93	-75.0721
3.95	-75.0601
3.97	-75.0483
3.99	-75.0366
4.01	-75.025
4.03	-75.0136
4.05	-75.0024
4.07	-74.9912
4.09	-74.9803
4.11	-74.9694
4.13	-74.9587
4.15	-74.9481
4.17	-74.9376
4.19	-74.9273
4.21	-74.917
4.23	-74.9069
4.25	-74.8969
4.27	-74.887
4.29	-74.8772
4.31	-74.8675
4.33	-74.8579
4.35	-74.8484
4.37	-74.839
4.39	-74.8297
4.41	-74.8204
4.43	-74.8113
4.45	-74.8022
4.47	-74.7932
4.49	-74.7843
4.51	-74.7755
4.53	-74.7668
4.55	-74.7581
4.57	-74.7495
4.59	-74.7409
4.61	-74.7324
4.63	-74.724
4.65	-74.7157
4.67	-74.7074
4.69	-74.6992
4.71	-74.691
4.73	-74.6828
4.75	-74.6748
4.77	-74.6667
4.79	-74.6588
4.81	-74.6508
4.83	-74.643
4.85	-74.6351
4.87	-74.6273
4.89	-74.6196
4.91	-74.6119
4.93	-74.6042
4.95	-74.5966
4.97	-74.589
4.99	-74.5814
5.01	-74.5739
5.03	-74.5664
5.05	-74.559
5.07	-74.5516
5.09	-74.5442
5.11	-74.5368
5.13	-74.5295
5.15	-74.5221
5.17	-74.5149
5.19	-74.5076
5.21	-74.5004
5.23	-74.4932
5.25	-74.486
5.27	-74.4788
5.29	-74.4717
5.31	-74.4646
5.33	-74.4575
5.35	-74.4504
5.37	-74.4434
5.39	-74.4363
5.41	-74.4293
5.43	-74.4223
5.45	-74.4153
5.47	-74.4084
5.49	-74.4014
5.51	-74.3945
5.53	-74.3876
5.55	-74.3807
5.57	-74.3738
5.59	-74.3669
5.61	-74.36
5.63	-74.3532
5.65	-74.3464
5.67	-74.3395
5.69	-74.3327
5.71	-74.3259
5.73	-74.3191
5.75	-74.3124
5.77	-74.3056
5.79	-74.2988
5.81	-74.2921
5.83	-74.2854
5.85	-74.2786
5.87	-74.2719
5.89	-74.2652
5.91	-74.2585
5.93	-74.2518
5.95	-74.2451
5.97	-74.2385
5.99	-74.2318
6.01	-74.2251
6.03	-74.2185
6.05	-74.2118
6.07	-74.2052
6.09	-74.1986
6.11	-74.1919
6.13	-74.1853
6.15	-74.1787
6.17	-74.1721
6.19	-74.1655
6.21	-74.1589
6.23	-74.1523
6.25	-74.1457
6.27	-74.1392
6.29	-74.1326
6.31	-74.126
6.33	-74.1195
6.35	-74.1129
6.37	-74.1063
6.39	-74.0998
6.41	-74.0932
6.43	-74.0867
6.45	-74.0802
6.47	-74.0736
6.49	-74.0671
6.51	-74.0606
6.53	-74.0541
6.55	-74.0476
6.57	-74.041
6.59	-74.0345
6.61	-74.028
6.63	-74.0215
6.65	-74.015
6.67	-74.0085
6.69	-74.002
6.71	-73.9956
6.73	-73.9891
6.75	-73.9826
6.77	-73.9761
6.79	-73.9696
6.81	-73.9632
6.83	-73.9567
6.85	-73.9502
6.87	-73.9438
6.89	-73.9373
6.91	-73.9308
6.93	-73.9244
6.95	-73.9179
6.97	-73.9115
6.99	-73.905
7.01	-73.8986
7.03	-73.8921
7.05	-73.8857
7.07	-73.8793
7.09	-73.8728
7.11	-73.8664
7.13	-73.86
7.15	-73.8535
7.17	-73.8471
7.19	-73.8407
7.21	-73.8342
7.23	-73.8278
7.25	-73.8214
7.27	-73.815
7.29	-73.8086
7.31	-73.8021
7.33	-73.7957
7.35	-73.7893
7.37	-73.7829
7.39	-73.7765
7.41	-73.7701
7.43	-73.7637
7.45	-73.7573
7.47	-73.7509
7.49	-73.7445
7.51	-73.7381
7.53	-73.7317
7.55	-73.7253
7.57	-73.7189
7.59	-73.7125
7.61	-73.7061
7.63	-73.6997
7.65	-73.6933
7.67	-73.6869
7.69	-73.6805
7.71	-73.6742
7.73	-73.6678
7.75	-73.6614
7.77	-73.655
7.79	-73.6486
7.81	-73.6422
7.83	-73.6359
7.85	-73.6295
7.87	-73.6231
7.89	-73.6167
7.91	-73.6104
7.93	-73.604
7.95	-73.5976
7.97	-73.5912
7.99	-73.5849
8.01	-73.5785
8.03	-73.5721
8.05	-73.5658
8.07	-73.5594
8.09	-73.553
8.11	-73.5467
8.13	-73.5403
8.15	-73.534
8.17	-73.5276
8.19	-73.5212
8.21	-73.5149
8.23	-73.5085
8.25	-73.5022
8.27	-73.4958
8.29	-73.4894
8.31	-73.4831
8.33	-73.4767
8.35	-73.4704
8.37	-73.464
8.39	-73.4577
8.41	-73.4513
8.43	-73.445
8.45	-73.4386
8.47	-73.4323
8.49	-73.4259
8.51	-73.4196
8.53	-73.4132
8.55	-73.4069
8.57	-73.4005
8.59	-73.3942
8.61	-73.3878
8.63	-73.3815
8.65	-73.3752
8.67	-73.3688
8.69	-73.3625
8.71	-73.3561
8.73	-73.3498
8.75	-73.3434
8.77	-73.3371
8.79	-73.3308
8.81	-73.3244
8.83	-73.3181
8.85	-73.3117
8.87	-73.3054
8.89	-73.2991
8.91	-73.2927
8.93	-73.2864
8.95	-73.28
8.97	-73.2737
8.99	-73.2674
9.01	-73.261
9.03	-73.2547
9.05	-73.2484
9.07	-73.242
9.09	-73.2357
9.11	-73.2293
9.13	-73.223
9.15	-73.2167
9.17	-73.2103
9.19	-73.204
9.21	-73.1977
9.23	-73.1913
9.25	-73.185
9.27	-73.1786
9.29	-73.1723
9.31	-73.166
9.33	-73.1596
9.35	-73.1533
9.37	-73.147
9.39	-73.1406
9.41	-73.1343
9.43	-73.128
9.45	-73.1216
9.47	-73.1153
9.49	-73.109
9.51	-73.1026
9.53	-73.0963
9.55	-73.09
9.57	-73.0836
9.59	-73.0773
9.61	-73.071
9.63	-73.0646
9.65	-73.0583
9.67	-73.0519
9.69	-73.0456
9.71	-73.0393
9.73	-73.0329
9.75	-73.0266
9.77	-73.0203
9.79	-73.0139
9.81	-73.0076
9.83	-73.0013
9.85	-72.9949
9.87	-72.9886
9.89	-72.9822
9.91	-72.9759
9.93	-72.9696
9.95	-72.9632
9.97	-72.9569
9.99	-72.9505
10.01	-72.9442
