label:AIS.v( 1 )
500
0.03	-59.9203
0.05	-59.8414
0.07	-59.763
0.09	-59.6846
0.11	-59.6058
0.13	-59.5264
0.15	-59.4462
0.17	-59.3651
0.19	-59.283
0.21	-59.1999
0.23	-59.1157
0.25	-59.0304
0.27	-58.944
0.29	-58.8563
0.31	-58.7674
0.33	-58.6773
0.35	-58.5859
0.37	-58.4931
0.39	-58.399
0.41	-58.3035
0.43	-58.2065
0.45	-58.1081
0.47	-58.0082
0.49	-57.9067
0.51	-57.8035
0.53	-57.6987
0.55	-57.5922
0.57	-57.484
0.59	-57.3739
0.61	-57.2619
0.63	-57.148
0.65	-57.032
0.67	-56.914
0.69	-56.7937
0.71	-56.6712
0.73	-56.5464
0.75	-56.419
0.77	-56.2892
0.79	-56.1566
0.81	-56.0212
0.83	-55.8828
0.85	-55.7414
0.87	-55.5967
0.89	-55.4486
0.91	-55.2968
0.93	-55.1412
0.95	-54.9815
0.97	-54.8175
0.99	-54.6489
1.01	-54.4753
1.03	-54.2965
1.05	-54.1119
1.07	-53.9213
1.09	-53.724
1.11	-53.5196
1.13	-53.3074
1.15	-53.0866
1.17	-52.8565
1.19	-52.6161
1.21	-52.3643
1.23	-52.0998
1.25	-51.8211
1.27	-51.5265
1.29	-51.2139
1.31	-50.8808
1.33	-50.524
1.35	-50.1399
1.37	-49.7239
1.39	-49.2702
1.41	-48.7716
1.43	-48.2186
1.45	-47.599
1.47	-46.8967
1.49	-46.0897
1.51	-45.1479
1.53	-44.0294
1.55	-42.675
1.57	-41.0015
1.59	-38.8953
1.61	-36.2159
1.63	-32.8307
1.65	-28.7123
1.67	-24.0612
1.69	-19.2964
1.71	-14.8445
1.73	-10.9606
1.75	-7.74184
1.77	-5.23375
1.79	-3.5105
1.81	-2.70868
1.83	-3.01972
1.85	-4.6431
1.87	-7.70929
1.89	-12.2042
1.91	-17.9363
1.93	-24.5675
1.95	-31.6954
1.97	-38.9379
1.99	-45.9837
2.01	-52.5612
2.03	-58.3484
2.05	-63.1208
2.07	-66.8605
2.09	-69.6861
2.11	-71.7627
2.13	-73.2557
2.15	-74.3113
2.17	-75.0486
2.19	-75.5594
2.21	-75.9119
2.23	-76.1548
2.25	-76.3223
2.27	-76.4384
2.29	-76.5192
2.31	-76.5759
2.33	-76.6159
2.35	-76.6443
2.37	-76.6647
2.39	-76.6793
2.41	-76.6898
2.43	-76.6972
2.45	-76.7023
2.47	-76.7057
2.49	-76.7077
2.51	-76.7086
2.53	-76.7085
2.55	-76.7077
2.57	-76.7061
2.59	-76.704
2.61	-76.7013
2.63	-76.6981
2.65	-76.6945
2.67	-76.6904
2.69	-76.6859
2.71	-76.681
2.73	-76.6757
2.75	-76.67
2.77	-76.664
2.79	-76.6577
2.81	-76.651
2.83	-76.644
2.85	-76.6367
2.87	-76.6292
2.89	-76.6213
2.91	-76.6131
2.93	-76.6047
2.95	-76.596
2.97	-76.5871
2.99	-76.5779
3.01	-76.5686
3.03	-76.559
3.05	-76.5492
3.07	-76.5392
3.09	-76.529
3.11	-76.5187
3.13	-76.5082
3.15	-76.4976
3.17	-76.4869
3.19	-76.476
3.21	-76.465
3.23	-76.454
3.25	-76.4428
3.27	-76.4316
3.29	-76.4203
3.31	-76.409
3.33	-76.3976
3.35	-76.3862
3.37	-76.3747
3.39	-76.3633
3.41	-76.3518
3.43	-76.3404
3.45	-76.3289
3.47	-76.3175
3.49	-76.3061
3.51	-76.2947
3.53	-76.2833
3.55	-76.272
3.57	-76.2607
3.59	-76.2495
3.61	-76.2383
3.63	-76.2272
3.65	-76.2161
3.67	-76.2051
3.69	-76.1942
3.71	-76.1833
3.73	-76.1725
3.75	-76.1618
3.77	-76.1511
3.79	-76.1405
3.81	-76.13
3.83	-76.1196
3.85	-76.1092
3.87	-76.0989
3.89	-76.0887
3.91	-76.0785
3.93	-76.0685
3.95	-76.0585
3.97	-76.0485
3.99	-76.0387
4.01	-76.0289
4.03	-76.0192
4.05	-76.0096
4.07	-76.0001
4.09	-75.9906
4.11	-75.9812
4.13	-75.9718
4.15	-75.9626
4.17	-75.9533
4.19	-75.9442
4.21	-75.9351
4.23	-75.9261
4.25	-75.9172
4.27	-75.9083
4.29	-75.8995
4.31	-75.8907
4.33	-75.882
4.35	-75.8734
4.37	-75.8648
4.39	-75.8563
4.41	-75.8478
4.43	-75.8393
4.45	-75.831
4.47	-75.8226
4.49	-75.8144
4.51	-75.8061
4.53	-75.798
4.55	-75.7898
4.57	-75.7817
4.59	-75.7737
4.61	-75.7657
4.63	-75.7577
4.65	-75.7498
4.67	-75.7419
4.69	-75.7341
4.71	-75.7263
4.73	-75.7185
4.75	-75.7108
4.77	-75.7031
4.79	-75.6954
4.81	-75.6878
4.83	-75.6802
4.85	-75.6727
4.87	-75.6651
4.89	-75.6576
4.91	-75.6502
4.93	-75.6427
4.95	-75.6353
4.97	-75.6279
4.99	-75.6205
5.01	-75.6132
5.03	-75.6059
5.05	-75.5986
5.07	-75.5913
5.09	-75.5841
5.11	-75.5769
5.13	-75.5697
5.15	-75.5625
5.17	-75.5553
5.19	-75.5482
5.21	-75.5411
5.23	-75.534
5.25	-75.5269
5.27	-75.5198
5.29	-75.5128
5.31	-75.5058
5.33	-75.4988
5.35	-75.4918
5.37	-75.4848
5.39	-75.4778
5.41	-75.4709
5.43	-75.464
5.45	-75.457
5.47	-75.4501
5.49	-75.4432
5.51	-75.4364
5.53	-75.4295
5.55	-75.4227
5.57	-75.4158
5.59	-75.409
5.61	-75.4022
5.63	-75.3954
5.65	-75.3886
5.67	-75.3818
5.69	-75.375
5.71	-75.3683
5.73	-75.3615
5.75	-75.3548
5.77	-75.3481
5.79	-75.3414
5.81	-75.3346
5.83	-75.3279
5.85	-75.3213
5.87	-75.3146
5.89	-75.3079
5.91	-75.3012
5.93	-75.2946
5.95	-75.2879
5.97	-75.2813
5.99	-75.2747
6.01	-75.2681
6.03	-75.2615
6.05	-75.2548
6.07	-75.2483
6.09	-75.2417
6.11	-75.2351
6.13	-75.2285
6.15	-75.2219
6.17	-75.2154
6.19	-75.2088
6.21	-75.2023
6.23	-75.1957
6.25	-75.1892
6.27	-75.1827
6.29	-75.1761
6.31	-75.1696
6.33	-75.1631
6.35	-75.1566
6.37	-75.1501
6.39	-75.1436
6.41	-75.1372
6.43	-75.1307
6.45	-75.1242
6.47	-75.1177
6.49	-75.1113
6.51	-75.1048
6.53	-75.0984
6.55	-75.0919
6.57	-75.0855
6.59	-75.079
6.61	-75.0726
6.63	-75.0662
6.65	-75.0598
6.67	-75.0534
6.69	-75.047
6.71	-75.0406
6.73	-75.0341
6.75	-75.0278
6.77	-75.0214
6.79	-75.015
6.81	-75.0086
6.83	-75.0022
6.85	-74.9959
6.87	-74.9895
6.89	-74.9831
6.91	-74.9768
6.93	-74.9704
6.95	-74.9641
6.97	-74.9577
6.99	-74.9514
7.01	-74.9451
7.03	-74.9388
7.05	-74.9324
7.07	-74.9261
7.09	-74.9198
7.11	-74.9135
7.13	-74.9072
7.15	-74.9009
7.17	-74.8946
7.19	-74.8883
7.21	-74.882
7.23	-74.8757
7.25	-74.8694
7.27	-74.8632
7.29	-74.8569
7.31	-74.8506
7.33	-74.8444
7.35	-74.8381
7.37	-74.8318
7.39	-74.8256
7.41	-74.8193
7.43	-74.8131
7.45	-74.8068
7.47	-74.8006
7.49	-74.7944
7.51	-74.7882
7.53	-74.7819
7.55	-74.7757
7.57	-74.7695
7.59	-74.7633
7.61	-74.7571
7.63	-74.7509
7.65	-74.7447
7.67	-74.7385
7.69	-74.7323
7.71	-74.7261
7.73	-74.7199
7.75	-74.7137
7.77	-74.7075
7.79	-74.7014
7.81	-74.6952
7.83	-74.689
7.85	-74.6829
7.87	-74.6767
7.89	-74.6705
7.91	-74.6644
7.93	-74.6582
7.95	-74.6521
7.97	-74.646
7.99	-74.6398
8.01	-74.6337
8.03	-74.6275
8.05	-74.6214
8.07	-74.6153
8.09	-74.6092
8.11	-74.6031
8.13	-74.5969
8.15	-74.5908
8.17	-74.5847
8.19	-74.5786
8.21	-74.5725
8.23	-74.5664
8.25	-74.5603
8.27	-74.5543
8.29	-74.5482
8.31	-74.5421
8.33	-74.536
8.35	-74.5299
8.37	-74.5239
8.39	-74.5178
8.41	-74.5117
8.43	-74.5057
8.45	-74.4996
8.47	-74.4935
8.49	-74.4875
8.51	-74.4814
8.53	-74.4754
8.55	-74.4694
8.57	-74.4633
8.59	-74.4573
8.61	-74.4512
8.63	-74.4452
8.65	-74.4392
8.67	-74.4332
8.69	-74.4271
8.71	-74.4211
8.73	-74.4151
8.75	-74.4091
8.77	-74.4031
8.79	-74.3971
8.81	-74.3911
8.83	-74.3851
8.85	-74.3791
8.87	-74.3731
8.89	-74.3671
8.91	-74.3611
8.93	-74.3552
8.95	-74.3492
8.97	-74.3432
8.99	-74.3372
9.01	-74.3313
9.03	-74.3253
9.05	-74.3193
9.07	-74.3134
9.09	-74.3074
9.11	-74.3015
9.13	-74.2955
9.15	-74.2896
9.17	-74.2836
9.19	-74.2777
9.21	-74.2717
9.23	-74.2658
9.25	-74.2599
9.27	-74.2539
9.29	-74.248
9.31	-74.2421
9.33	-74.2362
9.35	-74.2302
9.37	-74.2243
9.39	-74.2184
9.41	-74.2125
9.43	-74.2066
9.45	-74.2007
9.47	-74.1948
9.49	-74.1889
9.51	-74.183
9.53	-74.1771
9.55	-74.1712
9.57	-74.1653
9.59	-74.1594
9.61	-74.1536
9.63	-74.1477
9.65	-74.1418
9.67	-74.1359
9.69	-74.1301
9.71	-74.1242
9.73	-74.1183
9.75	-74.1125
9.77	-74.1066
9.79	-74.1008
9.81	-74.0949
9.83	-74.0891
9.85	-74.0832
9.87	-74.0774
9.89	-74.0715
9.91	-74.0657
9.93	-74.0598
9.95	-74.054
9.97	-74.0482
9.99	-74.0423
10.01	-74.0365
