label:AIS.ik_mslo( 0.5 )
500
0.01	0.0156954
0.03	0.0158111
0.05	0.0159481
0.07	0.0160946
0.09	0.0162445
0.11	0.0163947
0.13	0.0165436
0.15	0.0166908
0.17	0.0168363
0.19	0.0169803
0.21	0.0171233
0.23	0.0172658
0.25	0.0174083
0.27	0.0175513
0.29	0.0176953
0.31	0.0178408
0.33	0.0179881
0.35	0.0181378
0.37	0.0182901
0.39	0.0184455
0.41	0.0186042
0.43	0.0187665
0.45	0.0189328
0.47	0.0191034
0.49	0.0192784
0.51	0.0194582
0.53	0.019643
0.55	0.0198331
0.57	0.0200289
0.59	0.0202305
0.61	0.0204382
0.63	0.0206524
0.65	0.0208734
0.67	0.0211015
0.69	0.0213371
0.71	0.0215805
0.73	0.0218322
0.75	0.0220925
0.77	0.0223619
0.79	0.022641
0.81	0.0229302
0.83	0.0232302
0.85	0.0235415
0.87	0.0238648
0.89	0.024201
0.91	0.0245508
0.93	0.0249151
0.95	0.025295
0.97	0.0256915
0.99	0.0261058
1.01	0.0265394
1.03	0.0269937
1.05	0.0274705
1.07	0.0279717
1.09	0.0284995
1.11	0.0290563
1.13	0.029645
1.15	0.0302688
1.17	0.0309315
1.19	0.0316374
1.21	0.0323915
1.23	0.0331999
1.25	0.0340695
1.27	0.0350088
1.29	0.0360278
1.31	0.037139
1.33	0.0383572
1.35	0.0397014
1.37	0.041195
1.39	0.0428683
1.41	0.0447602
1.43	0.0469222
1.45	0.0494237
1.47	0.0523601
1.49	0.0558659
1.51	0.060136
1.53	0.0654617
1.55	0.0722914
1.57	0.0813379
1.59	0.0937628
1.61	0.111476
1.63	0.137544
1.65	0.176508
1.67	0.234228
1.69	0.317325
1.71	0.433518
1.73	0.594571
1.75	0.822014
1.77	1.15342
1.79	1.64437
1.81	2.36092
1.83	3.36103
1.85	4.66972
1.87	6.25795
1.89	8.03665
1.91	9.87078
1.93	11.6054
1.95	13.0854
1.97	14.1539
1.99	14.648
2.01	14.4248
2.03	13.4259
2.05	11.7993
2.07	9.86833
2.09	7.9389
2.11	6.20144
2.13	4.74042
2.15	3.57088
2.17	2.66854
2.19	1.99119
2.21	1.49276
2.23	1.13099
2.25	0.870661
2.27	0.684074
2.29	0.550313
2.31	0.454005
2.33	0.384075
2.35	0.332652
2.37	0.294206
2.39	0.264871
2.41	0.241963
2.43	0.223617
2.45	0.208542
2.47	0.195839
2.49	0.184884
2.51	0.175239
2.53	0.166598
2.55	0.15874
2.57	0.151511
2.59	0.144796
2.61	0.138514
2.63	0.1326
2.65	0.12701
2.67	0.121706
2.69	0.116661
2.71	0.111851
2.73	0.107258
2.75	0.102866
2.77	0.0986616
2.79	0.094634
2.81	0.0907729
2.83	0.0870693
2.85	0.0835153
2.87	0.0801035
2.89	0.0768274
2.91	0.0736808
2.93	0.070658
2.95	0.0677539
2.97	0.0649633
2.99	0.0622819
3.01	0.0597051
3.03	0.0572289
3.05	0.0548495
3.07	0.0525631
3.09	0.0503663
3.11	0.0482558
3.13	0.0462284
3.15	0.0442812
3.17	0.0424112
3.19	0.0406156
3.21	0.0388919
3.23	0.0372374
3.25	0.0356498
3.27	0.0341266
3.29	0.0326656
3.31	0.0312646
3.33	0.0299215
3.35	0.0286341
3.37	0.0274005
3.39	0.0262187
3.41	0.0250869
3.43	0.0240032
3.45	0.0229658
3.47	0.0219731
3.49	0.0210233
3.51	0.0201148
3.53	0.019246
3.55	0.0184154
3.57	0.0176214
3.59	0.0168627
3.61	0.0161378
3.63	0.0154454
3.65	0.014784
3.67	0.0141525
3.69	0.0135496
3.71	0.0129741
3.73	0.0124248
3.75	0.0119006
3.77	0.0114004
3.79	0.0109231
3.81	0.0104678
3.83	0.0100334
3.85	0.00961914
3.87	0.00922396
3.89	0.00884705
3.91	0.00848756
3.93	0.00814471
3.95	0.00781772
3.97	0.00750586
3.99	0.00720842
4.01	0.00692473
4.03	0.00665414
4.05	0.00639604
4.07	0.00614984
4.09	0.00591497
4.11	0.0056909
4.13	0.00547711
4.15	0.00527311
4.17	0.00507844
4.19	0.00489265
4.21	0.00471532
4.23	0.00454604
4.25	0.00438443
4.27	0.00423013
4.29	0.00408278
4.31	0.00394205
4.33	0.00380762
4.35	0.00367921
4.37	0.00355652
4.39	0.00343928
4.41	0.00332723
4.43	0.00322013
4.45	0.00311774
4.47	0.00301985
4.49	0.00292624
4.51	0.00283671
4.53	0.00275108
4.55	0.00266915
4.57	0.00259076
4.59	0.00251575
4.61	0.00244396
4.63	0.00237524
4.65	0.00230945
4.67	0.00224646
4.69	0.00218614
4.71	0.00212838
4.73	0.00207304
4.75	0.00202004
4.77	0.00196925
4.79	0.00192059
4.81	0.00187396
4.83	0.00182926
4.85	0.00178642
4.87	0.00174536
4.89	0.00170599
4.91	0.00166824
4.93	0.00163204
4.95	0.00159733
4.97	0.00156404
4.99	0.00153211
5.01	0.00150148
5.03	0.0014721
5.05	0.00144391
5.07	0.00141687
5.09	0.00139092
5.11	0.00136603
5.13	0.00134215
5.15	0.00131923
5.17	0.00129723
5.19	0.00127613
5.21	0.00125587
5.23	0.00123644
5.25	0.00121779
5.27	0.00119989
5.29	0.00118272
5.31	0.00116624
5.33	0.00115043
5.35	0.00113526
5.37	0.0011207
5.39	0.00110673
5.41	0.00109334
5.43	0.00108049
5.45	0.00106816
5.47	0.00105634
5.49	0.00104501
5.51	0.00103414
5.53	0.00102372
5.55	0.00101373
5.57	0.00100416
5.59	0.000994993
5.61	0.00098621
5.63	0.000977798
5.65	0.000969744
5.67	0.000962035
5.69	0.000954658
5.71	0.000947601
5.73	0.000940853
5.75	0.000934402
5.77	0.000928239
5.79	0.000922352
5.81	0.000916731
5.83	0.000911369
5.85	0.000906255
5.87	0.00090138
5.89	0.000896737
5.91	0.000892318
5.93	0.000888114
5.95	0.000884118
5.97	0.000880324
5.99	0.000876725
6.01	0.000873313
6.03	0.000870082
6.05	0.000867028
6.07	0.000864143
6.09	0.000861422
6.11	0.000858859
6.13	0.00085645
6.15	0.00085419
6.17	0.000852073
6.19	0.000850096
6.21	0.000848253
6.23	0.00084654
6.25	0.000844953
6.27	0.000843489
6.29	0.000842143
6.31	0.000840912
6.33	0.000839791
6.35	0.000838778
6.37	0.00083787
6.39	0.000837063
6.41	0.000836353
6.43	0.000835739
6.45	0.000835217
6.47	0.000834785
6.49	0.000834439
6.51	0.000834177
6.53	0.000833997
6.55	0.000833896
6.57	0.000833873
6.59	0.000833924
6.61	0.000834047
6.63	0.000834242
6.65	0.000834505
6.67	0.000834835
6.69	0.00083523
6.71	0.000835688
6.73	0.000836207
6.75	0.000836786
6.77	0.000837422
6.79	0.000838115
6.81	0.000838862
6.83	0.000839662
6.85	0.000840514
6.87	0.000841416
6.89	0.000842366
6.91	0.000843364
6.93	0.000844408
6.95	0.000845497
6.97	0.000846629
6.99	0.000847804
7.01	0.00084902
7.03	0.000850277
7.05	0.000851573
7.07	0.000852907
7.09	0.000854278
7.11	0.000855685
7.13	0.000857128
7.15	0.000858605
7.17	0.000860116
7.19	0.000861659
7.21	0.000863234
7.23	0.00086484
7.25	0.000866476
7.27	0.000868141
7.29	0.000869835
7.31	0.000871558
7.33	0.000873307
7.35	0.000875083
7.37	0.000876885
7.39	0.000878713
7.41	0.000880565
7.43	0.000882441
7.45	0.00088434
7.47	0.000886263
7.49	0.000888208
7.51	0.000890175
7.53	0.000892162
7.55	0.000894171
7.57	0.0008962
7.59	0.000898249
7.61	0.000900317
7.63	0.000902404
7.65	0.000904509
7.67	0.000906632
7.69	0.000908773
7.71	0.000910931
7.73	0.000913105
7.75	0.000915296
7.77	0.000917503
7.79	0.000919725
7.81	0.000921963
7.83	0.000924215
7.85	0.000926482
7.87	0.000928763
7.89	0.000931058
7.91	0.000933366
7.93	0.000935688
7.95	0.000938022
7.97	0.000940369
7.99	0.000942728
8.01	0.000945099
8.03	0.000947482
8.05	0.000949877
8.07	0.000952282
8.09	0.000954699
8.11	0.000957126
8.13	0.000959564
8.15	0.000962011
8.17	0.000964469
8.19	0.000966937
8.21	0.000969414
8.23	0.0009719
8.25	0.000974395
8.27	0.000976899
8.29	0.000979412
8.31	0.000981934
8.33	0.000984463
8.35	0.000987001
8.37	0.000989547
8.39	0.0009921
8.41	0.000994661
8.43	0.000997229
8.45	0.000999805
8.47	0.00100239
8.49	0.00100498
8.51	0.00100757
8.53	0.00101018
8.55	0.00101278
8.57	0.0010154
8.59	0.00101802
8.61	0.00102065
8.63	0.00102328
8.65	0.00102592
8.67	0.00102857
8.69	0.00103122
8.71	0.00103387
8.73	0.00103653
8.75	0.0010392
8.77	0.00104187
8.79	0.00104455
8.81	0.00104723
8.83	0.00104991
8.85	0.0010526
8.87	0.00105529
8.89	0.00105799
8.91	0.0010607
8.93	0.0010634
8.95	0.00106611
8.97	0.00106883
8.99	0.00107155
9.01	0.00107427
9.03	0.001077
9.05	0.00107973
9.07	0.00108246
9.09	0.0010852
9.11	0.00108794
9.13	0.00109068
9.15	0.00109343
9.17	0.00109618
9.19	0.00109893
9.21	0.00110168
9.23	0.00110444
9.25	0.0011072
9.27	0.00110997
9.29	0.00111274
9.31	0.00111551
9.33	0.00111828
9.35	0.00112105
9.37	0.00112383
9.39	0.00112661
9.41	0.00112939
9.43	0.00113218
9.45	0.00113496
9.47	0.00113775
9.49	0.00114054
9.51	0.00114334
9.53	0.00114613
9.55	0.00114893
9.57	0.00115173
9.59	0.00115453
9.61	0.00115733
9.63	0.00116014
9.65	0.00116294
9.67	0.00116575
9.69	0.00116856
9.71	0.00117137
9.73	0.00117419
9.75	0.001177
9.77	0.00117982
9.79	0.00118264
9.81	0.00118546
9.83	0.00118828
9.85	0.0011911
9.87	0.00119392
9.89	0.00119675
9.91	0.00119958
9.93	0.0012024
9.95	0.00120523
9.97	0.00120806
9.99	0.00121089
