label:AIS.v( 1 )
500
0.03	-59.9129
0.05	-59.8266
0.07	-59.7406
0.09	-59.6545
0.11	-59.5679
0.13	-59.4805
0.15	-59.3922
0.17	-59.3028
0.19	-59.2123
0.21	-59.1206
0.23	-59.0276
0.25	-58.9333
0.27	-58.8377
0.29	-58.7407
0.31	-58.6423
0.33	-58.5424
0.35	-58.441
0.37	-58.338
0.39	-58.2335
0.41	-58.1273
0.43	-58.0194
0.45	-57.9098
0.47	-57.7984
0.49	-57.6851
0.51	-57.5699
0.53	-57.4527
0.55	-57.3335
0.57	-57.2121
0.59	-57.0886
0.61	-56.9627
0.63	-56.8345
0.65	-56.7038
0.67	-56.5705
0.69	-56.4345
0.71	-56.2957
0.73	-56.1539
0.75	-56.0091
0.77	-55.861
0.79	-55.7094
0.81	-55.5543
0.83	-55.3953
0.85	-55.2323
0.87	-55.065
0.89	-54.8932
0.91	-54.7165
0.93	-54.5346
0.95	-54.3471
0.97	-54.1536
0.99	-53.9537
1.01	-53.7468
1.03	-53.5322
1.05	-53.3094
1.07	-53.0775
1.09	-52.8357
1.11	-52.5829
1.13	-52.3178
1.15	-52.0392
1.17	-51.7453
1.19	-51.4342
1.21	-51.1036
1.23	-50.7505
1.25	-50.3717
1.27	-49.9628
1.29	-49.5186
1.31	-49.0325
1.33	-48.496
1.35	-47.8981
1.37	-47.2243
1.39	-46.4553
1.41	-45.5644
1.43	-44.5149
1.45	-43.2553
1.47	-41.7124
1.49	-39.7851
1.51	-37.3413
1.53	-34.2365
1.55	-30.3838
1.57	-25.8776
1.59	-21.0572
1.61	-16.3617
1.63	-12.1056
1.65	-8.41553
1.67	-5.31383
1.69	-2.80673
1.71	-0.926924
1.73	0.256917
1.75	0.648947
1.77	0.149316
1.79	-1.31172
1.81	-3.73962
1.83	-7.05669
1.85	-11.1082
1.87	-15.6906
1.89	-20.5879
1.91	-25.6066
1.93	-30.5981
1.95	-35.4629
1.97	-40.1448
1.99	-44.6208
2.01	-48.8667
2.03	-52.8226
2.05	-56.4101
2.07	-59.5782
2.09	-62.3201
2.11	-64.6613
2.13	-66.6424
2.15	-68.3066
2.17	-69.6954
2.19	-70.8475
2.21	-71.7981
2.23	-72.5792
2.25	-73.2189
2.27	-73.7418
2.29	-74.1688
2.31	-74.5173
2.33	-74.8019
2.35	-75.0344
2.37	-75.2246
2.39	-75.3803
2.41	-75.508
2.43	-75.6127
2.45	-75.6986
2.47	-75.769
2.49	-75.8267
2.51	-75.8739
2.53	-75.9122
2.55	-75.9432
2.57	-75.968
2.59	-75.9875
2.61	-76.0025
2.63	-76.0137
2.65	-76.0216
2.67	-76.0266
2.69	-76.0292
2.71	-76.0295
2.73	-76.0279
2.75	-76.0246
2.77	-76.0198
2.79	-76.0137
2.81	-76.0063
2.83	-75.9978
2.85	-75.9884
2.87	-75.9781
2.89	-75.967
2.91	-75.9552
2.93	-75.9428
2.95	-75.9297
2.97	-75.9162
2.99	-75.9022
3.01	-75.8878
3.03	-75.873
3.05	-75.8579
3.07	-75.8425
3.09	-75.8269
3.11	-75.8111
3.13	-75.7951
3.15	-75.779
3.17	-75.7627
3.19	-75.7464
3.21	-75.73
3.23	-75.7136
3.25	-75.6971
3.27	-75.6807
3.29	-75.6643
3.31	-75.6479
3.33	-75.6316
3.35	-75.6154
3.37	-75.5993
3.39	-75.5832
3.41	-75.5673
3.43	-75.5514
3.45	-75.5358
3.47	-75.5202
3.49	-75.5048
3.51	-75.4895
3.53	-75.4743
3.55	-75.4594
3.57	-75.4446
3.59	-75.4299
3.61	-75.4154
3.63	-75.4011
3.65	-75.3869
3.67	-75.3729
3.69	-75.3591
3.71	-75.3454
3.73	-75.3319
3.75	-75.3186
3.77	-75.3055
3.79	-75.2925
3.81	-75.2796
3.83	-75.2669
3.85	-75.2544
3.87	-75.2421
3.89	-75.2298
3.91	-75.2178
3.93	-75.2059
3.95	-75.1941
3.97	-75.1825
3.99	-75.171
4.01	-75.1596
4.03	-75.1484
4.05	-75.1374
4.07	-75.1264
4.09	-75.1156
4.11	-75.1049
4.13	-75.0943
4.15	-75.0838
4.17	-75.0735
4.19	-75.0633
4.21	-75.0531
4.23	-75.0431
4.25	-75.0332
4.27	-75.0234
4.29	-75.0137
4.31	-75.0041
4.33	-74.9945
4.35	-74.9851
4.37	-74.9758
4.39	-74.9665
4.41	-74.9573
4.43	-74.9482
4.45	-74.9392
4.47	-74.9303
4.49	-74.9214
4.51	-74.9126
4.53	-74.9039
4.55	-74.8953
4.57	-74.8867
4.59	-74.8782
4.61	-74.8697
4.63	-74.8613
4.65	-74.853
4.67	-74.8447
4.69	-74.8365
4.71	-74.8283
4.73	-74.8202
4.75	-74.8121
4.77	-74.8041
4.79	-74.7961
4.81	-74.7882
4.83	-74.7803
4.85	-74.7725
4.87	-74.7646
4.89	-74.7569
4.91	-74.7492
4.93	-74.7415
4.95	-74.7339
4.97	-74.7262
4.99	-74.7187
5.01	-74.7111
5.03	-74.7036
5.05	-74.6962
5.07	-74.6887
5.09	-74.6813
5.11	-74.6739
5.13	-74.6666
5.15	-74.6592
5.17	-74.6519
5.19	-74.6446
5.21	-74.6374
5.23	-74.6302
5.25	-74.623
5.27	-74.6158
5.29	-74.6086
5.31	-74.6015
5.33	-74.5943
5.35	-74.5872
5.37	-74.5802
5.39	-74.5731
5.41	-74.5661
5.43	-74.559
5.45	-74.552
5.47	-74.545
5.49	-74.538
5.51	-74.5311
5.53	-74.5241
5.55	-74.5172
5.57	-74.5103
5.59	-74.5034
5.61	-74.4965
5.63	-74.4896
5.65	-74.4827
5.67	-74.4759
5.69	-74.469
5.71	-74.4622
5.73	-74.4554
5.75	-74.4486
5.77	-74.4418
5.79	-74.435
5.81	-74.4282
5.83	-74.4214
5.85	-74.4147
5.87	-74.4079
5.89	-74.4012
5.91	-74.3945
5.93	-74.3877
5.95	-74.381
5.97	-74.3743
5.99	-74.3676
6.01	-74.3609
6.03	-74.3542
6.05	-74.3475
6.07	-74.3409
6.09	-74.3342
6.11	-74.3276
6.13	-74.3209
6.15	-74.3143
6.17	-74.3076
6.19	-74.301
6.21	-74.2944
6.23	-74.2877
6.25	-74.2811
6.27	-74.2745
6.29	-74.2679
6.31	-74.2613
6.33	-74.2547
6.35	-74.2481
6.37	-74.2415
6.39	-74.235
6.41	-74.2284
6.43	-74.2218
6.45	-74.2152
6.47	-74.2087
6.49	-74.2021
6.51	-74.1956
6.53	-74.189
6.55	-74.1825
6.57	-74.1759
6.59	-74.1694
6.61	-74.1628
6.63	-74.1563
6.65	-74.1498
6.67	-74.1433
6.69	-74.1367
6.71	-74.1302
6.73	-74.1237
6.75	-74.1172
6.77	-74.1107
6.79	-74.1042
6.81	-74.0977
6.83	-74.0912
6.85	-74.0847
6.87	-74.0782
6.89	-74.0717
6.91	-74.0652
6.93	-74.0587
6.95	-74.0522
6.97	-74.0458
6.99	-74.0393
7.01	-74.0328
7.03	-74.0263
7.05	-74.0199
7.07	-74.0134
7.09	-74.0069
7.11	-74.0005
7.13	-73.994
7.15	-73.9876
7.17	-73.9811
7.19	-73.9746
7.21	-73.9682
7.23	-73.9617
7.25	-73.9553
7.27	-73.9489
7.29	-73.9424
7.31	-73.936
7.33	-73.9295
7.35	-73.9231
7.37	-73.9167
7.39	-73.9102
7.41	-73.9038
7.43	-73.8974
7.45	-73.8909
7.47	-73.8845
7.49	-73.8781
7.51	-73.8717
7.53	-73.8652
7.55	-73.8588
7.57	-73.8524
7.59	-73.846
7.61	-73.8396
7.63	-73.8332
7.65	-73.8267
7.67	-73.8203
7.69	-73.8139
7.71	-73.8075
7.73	-73.8011
7.75	-73.7947
7.77	-73.7883
7.79	-73.7819
7.81	-73.7755
7.83	-73.7691
7.85	-73.7627
7.87	-73.7563
7.89	-73.7499
7.91	-73.7435
7.93	-73.7371
7.95	-73.7307
7.97	-73.7243
7.99	-73.718
8.01	-73.7116
8.03	-73.7052
8.05	-73.6988
8.07	-73.6924
8.09	-73.686
8.11	-73.6796
8.13	-73.6733
8.15	-73.6669
8.17	-73.6605
8.19	-73.6541
8.21	-73.6478
8.23	-73.6414
8.25	-73.635
8.27	-73.6286
8.29	-73.6223
8.31	-73.6159
8.33	-73.6095
8.35	-73.6032
8.37	-73.5968
8.39	-73.5904
8.41	-73.5841
8.43	-73.5777
8.45	-73.5713
8.47	-73.565
8.49	-73.5586
8.51	-73.5522
8.53	-73.5459
8.55	-73.5395
8.57	-73.5332
8.59	-73.5268
8.61	-73.5204
8.63	-73.5141
8.65	-73.5077
8.67	-73.5014
8.69	-73.495
8.71	-73.4887
8.73	-73.4823
8.75	-73.476
8.77	-73.4696
8.79	-73.4632
8.81	-73.4569
8.83	-73.4505
8.85	-73.4442
8.87	-73.4379
8.89	-73.4315
8.91	-73.4252
8.93	-73.4188
8.95	-73.4125
8.97	-73.4061
8.99	-73.3998
9.01	-73.3934
9.03	-73.3871
9.05	-73.3807
9.07	-73.3744
9.09	-73.368
9.11	-73.3617
9.13	-73.3554
9.15	-73.349
9.17	-73.3427
9.19	-73.3363
9.21	-73.33
9.23	-73.3237
9.25	-73.3173
9.27	-73.311
9.29	-73.3046
9.31	-73.2983
9.33	-73.292
9.35	-73.2856
9.37	-73.2793
9.39	-73.2729
9.41	-73.2666
9.43	-73.2603
9.45	-73.2539
9.47	-73.2476
9.49	-73.2412
9.51	-73.2349
9.53	-73.2286
9.55	-73.2222
9.57	-73.2159
9.59	-73.2096
9.61	-73.2032
9.63	-73.1969
9.65	-73.1906
9.67	-73.1842
9.69	-73.1779
9.71	-73.1716
9.73	-73.1652
9.75	-73.1589
9.77	-73.1525
9.79	-73.1462
9.81	-73.1399
9.83	-73.1335
9.85	-73.1272
9.87	-73.1209
9.89	-73.1145
9.91	-73.1082
9.93	-73.1019
9.95	-73.0955
9.97	-73.0892
9.99	-73.0829
10.01	-73.0765
