label:AIS.g_mslo( 0.5 )
500
0.02	0.00092326
0.04	0.000925091
0.06	0.000927776
0.08	0.000930725
0.1	0.00093363
0.12	0.00093635
0.14	0.000938839
0.16	0.000941096
0.18	0.000943148
0.2	0.000945033
0.22	0.000946794
0.24	0.000948472
0.26	0.00095011
0.28	0.000951741
0.3	0.000953401
0.32	0.000955116
0.34	0.000956912
0.36	0.000958812
0.38	0.000960833
0.4	0.00096299
0.42	0.000965297
0.44	0.000967764
0.46	0.000970401
0.48	0.000973216
0.5	0.000976217
0.52	0.00097941
0.54	0.000982801
0.56	0.000986395
0.58	0.000990197
0.6	0.000994213
0.62	0.000998447
0.64	0.0010029
0.66	0.00100759
0.68	0.00101251
0.7	0.00101767
0.72	0.00102308
0.74	0.00102874
0.76	0.00103466
0.78	0.00104085
0.8	0.00104732
0.82	0.00105408
0.84	0.00106114
0.86	0.00106851
0.88	0.00107621
0.9	0.00108424
0.92	0.00109264
0.94	0.00110141
0.96	0.00111058
0.98	0.00112016
1	0.0011302
1.02	0.0011407
1.04	0.00115172
1.06	0.00116327
1.08	0.00117541
1.1	0.00118818
1.12	0.00120164
1.14	0.00121584
1.16	0.00123085
1.18	0.00124675
1.2	0.00126364
1.22	0.00128161
1.24	0.00130078
1.26	0.00132131
1.28	0.00134337
1.3	0.00136715
1.32	0.00139291
1.34	0.00142094
1.36	0.00145161
1.38	0.00148538
1.4	0.00152283
1.42	0.00156468
1.44	0.00161189
1.46	0.00166572
1.48	0.00172789
1.5	0.00180073
1.52	0.00188759
1.54	0.00199329
1.56	0.00212506
1.58	0.00229402
1.6	0.00251756
1.62	0.00282304
1.64	0.00325243
1.66	0.00386603
1.68	0.00474452
1.7	0.0059974
1.72	0.00780098
1.74	0.0104987
1.76	0.0147694
1.78	0.0217931
1.8	0.0332634
1.82	0.0511394
1.84	0.0771962
1.86	0.112592
1.88	0.157698
1.9	0.212265
1.92	0.275708
1.94	0.346973
1.96	0.423691
1.98	0.501598
2	0.575009
2.02	0.639405
2.04	0.693194
2.06	0.736742
2.08	0.771123
2.1	0.797487
2.12	0.816838
2.14	0.829995
2.16	0.83761
2.18	0.840214
2.2	0.838264
2.22	0.83217
2.24	0.82232
2.26	0.809095
2.28	0.792869
2.3	0.774013
2.32	0.752892
2.34	0.729862
2.36	0.705266
2.38	0.67943
2.4	0.65266
2.42	0.625241
2.44	0.597433
2.46	0.569475
2.48	0.541577
2.5	0.513928
2.52	0.48669
2.54	0.460005
2.56	0.433989
2.58	0.408743
2.6	0.384344
2.62	0.360854
2.64	0.338318
2.66	0.316769
2.68	0.296225
2.7	0.276695
2.72	0.258176
2.74	0.240658
2.76	0.224125
2.78	0.208554
2.8	0.193918
2.82	0.180184
2.84	0.16732
2.86	0.155288
2.88	0.14405
2.9	0.133569
2.92	0.123805
2.94	0.114718
2.96	0.106271
2.98	0.0984248
3	0.0911434
3.02	0.0843908
3.04	0.0781326
3.06	0.072336
3.08	0.0669695
3.1	0.0620032
3.12	0.0574089
3.14	0.0531599
3.16	0.0492312
3.18	0.0455992
3.2	0.0422419
3.22	0.0391387
3.24	0.0362705
3.26	0.0336193
3.28	0.0311688
3.3	0.0289034
3.32	0.0268089
3.34	0.0248723
3.36	0.0230813
3.38	0.0214247
3.4	0.0198921
3.42	0.018474
3.44	0.0171616
3.46	0.0159466
3.48	0.0148217
3.5	0.01378
3.52	0.0128151
3.54	0.0119211
3.56	0.0110927
3.58	0.010325
3.6	0.00961329
3.62	0.00895345
3.64	0.00834159
3.66	0.00777414
3.68	0.00724779
3.7	0.0067595
3.72	0.00630647
3.74	0.0058861
3.76	0.005496
3.78	0.00513396
3.8	0.00479793
3.82	0.00448602
3.84	0.00419649
3.86	0.0039277
3.88	0.00367817
3.9	0.00344651
3.92	0.00323142
3.94	0.00303172
3.96	0.0028463
3.98	0.00267414
4	0.00251429
4.02	0.00236587
4.04	0.00222805
4.06	0.00210008
4.08	0.00198126
4.1	0.00187093
4.12	0.00176849
4.14	0.00167337
4.16	0.00158505
4.18	0.00150304
4.2	0.00142689
4.22	0.00135619
4.24	0.00129054
4.26	0.00122959
4.28	0.00117299
4.3	0.00112044
4.32	0.00107164
4.34	0.00102633
4.36	0.000984263
4.38	0.000945199
4.4	0.000908925
4.42	0.000875243
4.44	0.000843967
4.46	0.000814924
4.48	0.000787954
4.5	0.000762909
4.52	0.000739651
4.54	0.000718051
4.56	0.000697992
4.58	0.000679362
4.6	0.000662058
4.62	0.000645987
4.64	0.00063106
4.66	0.000617194
4.68	0.000604315
4.7	0.00059235
4.72	0.000581235
4.74	0.000570909
4.76	0.000561315
4.78	0.000552402
4.8	0.000544121
4.82	0.000536427
4.84	0.000529278
4.86	0.000522635
4.88	0.000516463
4.9	0.000510727
4.92	0.000505396
4.94	0.000500442
4.96	0.000495837
4.98	0.000491557
5	0.000487579
5.02	0.000483881
5.04	0.000480444
5.06	0.000477249
5.08	0.000474279
5.1	0.000471518
5.12	0.000468951
5.14	0.000466565
5.16	0.000464347
5.18	0.000462286
5.2	0.00046037
5.22	0.000458589
5.24	0.000456934
5.26	0.000455396
5.28	0.000453967
5.3	0.000452639
5.32	0.000451405
5.34	0.00045026
5.36	0.000449196
5.38	0.000448208
5.4	0.000447292
5.42	0.000446441
5.44	0.000445652
5.46	0.00044492
5.48	0.000444242
5.5	0.000443614
5.52	0.000443032
5.54	0.000442493
5.56	0.000441995
5.58	0.000441534
5.6	0.000441109
5.62	0.000440717
5.64	0.000440355
5.66	0.000440021
5.68	0.000439715
5.7	0.000439433
5.72	0.000439175
5.74	0.000438938
5.76	0.000438722
5.78	0.000438525
5.8	0.000438345
5.82	0.000438182
5.84	0.000438035
5.86	0.000437902
5.88	0.000437783
5.9	0.000437677
5.92	0.000437582
5.94	0.000437499
5.96	0.000437426
5.98	0.000437363
6	0.000437309
6.02	0.000437264
6.04	0.000437226
6.06	0.000437196
6.08	0.000437174
6.1	0.000437158
6.12	0.000437148
6.14	0.000437144
6.16	0.000437146
6.18	0.000437152
6.2	0.000437164
6.22	0.00043718
6.24	0.0004372
6.26	0.000437225
6.28	0.000437253
6.3	0.000437284
6.32	0.00043732
6.34	0.000437358
6.36	0.000437399
6.38	0.000437443
6.4	0.000437489
6.42	0.000437538
6.44	0.00043759
6.46	0.000437643
6.48	0.000437699
6.5	0.000437756
6.52	0.000437815
6.54	0.000437876
6.56	0.000437939
6.58	0.000438003
6.6	0.000438069
6.62	0.000438136
6.64	0.000438204
6.66	0.000438274
6.68	0.000438344
6.7	0.000438416
6.72	0.000438489
6.74	0.000438562
6.76	0.000438637
6.78	0.000438712
6.8	0.000438789
6.82	0.000438866
6.84	0.000438944
6.86	0.000439022
6.88	0.000439101
6.9	0.000439181
6.92	0.000439261
6.94	0.000439342
6.96	0.000439424
6.98	0.000439506
7	0.000439588
7.02	0.000439671
7.04	0.000439754
7.06	0.000439838
7.08	0.000439922
7.1	0.000440006
7.12	0.000440091
7.14	0.000440176
7.16	0.000440261
7.18	0.000440347
7.2	0.000440432
7.22	0.000440519
7.24	0.000440605
7.26	0.000440692
7.28	0.000440779
7.3	0.000440866
7.32	0.000440953
7.34	0.00044104
7.36	0.000441128
7.38	0.000441216
7.4	0.000441304
7.42	0.000441392
7.44	0.00044148
7.46	0.000441568
7.48	0.000441657
7.5	0.000441745
7.52	0.000441834
7.54	0.000441923
7.56	0.000442012
7.58	0.000442101
7.6	0.00044219
7.62	0.00044228
7.64	0.000442369
7.66	0.000442458
7.68	0.000442548
7.7	0.000442637
7.72	0.000442727
7.74	0.000442817
7.76	0.000442906
7.78	0.000442996
7.8	0.000443086
7.82	0.000443176
7.84	0.000443266
7.86	0.000443356
7.88	0.000443446
7.9	0.000443536
7.92	0.000443626
7.94	0.000443717
7.96	0.000443807
7.98	0.000443897
8	0.000443987
8.02	0.000444078
8.04	0.000444168
8.06	0.000444258
8.08	0.000444349
8.1	0.000444439
8.12	0.00044453
8.14	0.00044462
8.16	0.000444711
8.18	0.000444801
8.2	0.000444892
8.22	0.000444982
8.24	0.000445073
8.26	0.000445163
8.28	0.000445254
8.3	0.000445344
8.32	0.000445435
8.34	0.000445526
8.36	0.000445616
8.38	0.000445707
8.4	0.000445797
8.42	0.000445888
8.44	0.000445979
8.46	0.000446069
8.48	0.00044616
8.5	0.000446251
8.52	0.000446341
8.54	0.000446432
8.56	0.000446523
8.58	0.000446613
8.6	0.000446704
8.62	0.000446795
8.64	0.000446885
8.66	0.000446976
8.68	0.000447067
8.7	0.000447157
8.72	0.000447248
8.74	0.000447339
8.76	0.000447429
8.78	0.00044752
8.8	0.000447611
8.82	0.000447701
8.84	0.000447792
8.86	0.000447883
8.88	0.000447973
8.9	0.000448064
8.92	0.000448155
8.94	0.000448245
8.96	0.000448336
8.98	0.000448427
9	0.000448517
9.02	0.000448608
9.04	0.000448698
9.06	0.000448789
9.08	0.00044888
9.1	0.00044897
9.12	0.000449061
9.14	0.000449152
9.16	0.000449242
9.18	0.000449333
9.2	0.000449423
9.22	0.000449514
9.24	0.000449604
9.26	0.000449695
9.28	0.000449786
9.3	0.000449876
9.32	0.000449967
9.34	0.000450057
9.36	0.000450148
9.38	0.000450238
9.4	0.000450329
9.42	0.000450419
9.44	0.00045051
9.46	0.000450601
9.48	0.000450691
9.5	0.000450782
9.52	0.000450872
9.54	0.000450963
9.56	0.000451053
9.58	0.000451144
9.6	0.000451234
9.62	0.000451325
9.64	0.000451415
9.66	0.000451505
9.68	0.000451596
9.7	0.000451686
9.72	0.000451777
9.74	0.000451867
9.76	0.000451958
9.78	0.000452048
9.8	0.000452139
9.82	0.000452229
9.84	0.000452319
9.86	0.00045241
9.88	0.0004525
9.9	0.000452591
9.92	0.000452681
9.94	0.000452772
9.96	0.000452862
9.98	0.000452952
10	0.000453043
