label:AIS.ik_mslo( 0.5 )
500
0.01	0.0117716
0.03	0.0118472
0.05	0.0119293
0.07	0.0120119
0.09	0.0120924
0.11	0.01217
0.13	0.0122448
0.15	0.0123174
0.17	0.0123885
0.19	0.0124591
0.21	0.0125297
0.23	0.0126013
0.25	0.0126744
0.27	0.0127497
0.29	0.0128277
0.31	0.0129088
0.33	0.0129935
0.35	0.013082
0.37	0.0131746
0.39	0.0132716
0.41	0.0133732
0.43	0.0134795
0.45	0.0135908
0.47	0.0137071
0.49	0.0138286
0.51	0.0139555
0.53	0.0140878
0.55	0.0142258
0.57	0.0143696
0.59	0.0145193
0.61	0.0146751
0.63	0.0148372
0.65	0.0150057
0.67	0.015181
0.69	0.0153632
0.71	0.0155526
0.73	0.0157495
0.75	0.0159542
0.77	0.016167
0.79	0.0163884
0.81	0.0166187
0.83	0.0168584
0.85	0.0171081
0.87	0.0173682
0.89	0.0176396
0.91	0.0179228
0.93	0.0182186
0.95	0.018528
0.97	0.018852
0.99	0.0191917
1.01	0.0195483
1.03	0.0199233
1.05	0.0203183
1.07	0.0207351
1.09	0.0211757
1.11	0.0216427
1.13	0.0221387
1.15	0.022667
1.17	0.0232313
1.19	0.0238362
1.21	0.0244867
1.23	0.0251892
1.25	0.0259512
1.27	0.0267818
1.29	0.0276923
1.31	0.0286966
1.33	0.0298121
1.35	0.0310612
1.37	0.0324727
1.39	0.0340846
1.41	0.0359478
1.43	0.0381324
1.45	0.0407367
1.47	0.0439026
1.49	0.0478413
1.51	0.0528768
1.53	0.0595232
1.55	0.0686189
1.57	0.0815553
1.59	0.10062
1.61	0.129393
1.63	0.17302
1.65	0.238652
1.67	0.337713
1.69	0.4931
1.71	0.753654
1.73	1.21199
1.75	2.00906
1.77	3.30228
1.79	5.19075
1.81	7.62739
1.83	10.3779
1.85	13.0712
1.87	15.3173
1.89	16.8083
1.91	17.3503
1.93	16.8743
1.95	15.4475
1.97	13.325
1.99	10.9265
2.01	8.62033
2.03	6.61115
2.05	4.96883
2.07	3.6856
2.09	2.71591
2.11	2.001
2.13	1.48316
2.15	1.1125
2.17	0.849007
2.19	0.662165
2.21	0.529425
2.23	0.434535
2.25	0.365976
2.27	0.315687
2.29	0.278079
2.31	0.249299
2.33	0.226703
2.35	0.208476
2.37	0.193373
2.39	0.180537
2.41	0.169378
2.43	0.159484
2.45	0.150566
2.47	0.142421
2.49	0.134903
2.51	0.127907
2.53	0.121354
2.55	0.115187
2.57	0.109362
2.59	0.103844
2.61	0.0986074
2.63	0.09363
2.65	0.0888941
2.67	0.084385
2.69	0.08009
2.71	0.075998
2.73	0.072099
2.75	0.0683843
2.77	0.0648456
2.79	0.0614752
2.81	0.0582659
2.83	0.0552108
2.85	0.0523034
2.87	0.0495373
2.89	0.0469064
2.91	0.0444048
2.93	0.0420267
2.95	0.0397667
2.97	0.0376194
2.99	0.0355796
3.01	0.0336424
3.03	0.0318029
3.05	0.0300567
3.07	0.0283994
3.09	0.0268266
3.11	0.0253345
3.13	0.0239191
3.15	0.022577
3.17	0.0213045
3.19	0.0200983
3.21	0.0189554
3.23	0.0178728
3.25	0.0168474
3.27	0.0158768
3.29	0.0149582
3.31	0.0140892
3.33	0.0132674
3.35	0.0124906
3.37	0.0117566
3.39	0.0110634
3.41	0.0104089
3.43	0.00979134
3.45	0.00920887
3.47	0.00865975
3.49	0.00814231
3.51	0.00765498
3.53	0.00719622
3.55	0.00676456
3.57	0.0063586
3.59	0.00597701
3.61	0.00561849
3.63	0.00528181
3.65	0.00496579
3.67	0.00466931
3.69	0.00439129
3.71	0.00413071
3.73	0.00388658
3.75	0.00365797
3.77	0.00344399
3.79	0.0032438
3.81	0.00305659
3.83	0.00288159
3.85	0.00271808
3.87	0.00256538
3.89	0.00242282
3.91	0.00228979
3.93	0.0021657
3.95	0.00205001
3.97	0.00194218
3.99	0.00184173
4.01	0.00174819
4.03	0.00166112
4.05	0.00158011
4.07	0.00150477
4.09	0.00143472
4.11	0.00136964
4.13	0.00130918
4.15	0.00125306
4.17	0.00120098
4.19	0.00115267
4.21	0.00110789
4.23	0.00106639
4.25	0.00102796
4.27	0.000992383
4.29	0.000959474
4.31	0.000929049
4.33	0.000900938
4.35	0.000874983
4.37	0.000851035
4.39	0.000828956
4.41	0.000808618
4.43	0.000789898
4.45	0.000772686
4.47	0.000756875
4.49	0.000742369
4.51	0.000729074
4.53	0.000716907
4.55	0.000705788
4.57	0.000695643
4.59	0.000686402
4.61	0.000678003
4.63	0.000670385
4.65	0.000663492
4.67	0.000657273
4.69	0.000651679
4.71	0.000646666
4.73	0.000642192
4.75	0.000638219
4.77	0.000634709
4.79	0.000631631
4.81	0.000628952
4.83	0.000626643
4.85	0.000624679
4.87	0.000623033
4.89	0.000621682
4.91	0.000620605
4.93	0.000619783
4.95	0.000619195
4.97	0.000618826
4.99	0.000618658
5.01	0.000618678
5.03	0.000618871
5.05	0.000619225
5.07	0.000619727
5.09	0.000620367
5.11	0.000621134
5.13	0.000622019
5.15	0.000623013
5.17	0.000624108
5.19	0.000625297
5.21	0.000626571
5.23	0.000627926
5.25	0.000629354
5.27	0.000630851
5.29	0.000632411
5.31	0.000634029
5.33	0.000635701
5.35	0.000637422
5.37	0.00063919
5.39	0.000641
5.41	0.000642849
5.43	0.000644734
5.45	0.000646652
5.47	0.000648601
5.49	0.000650579
5.51	0.000652582
5.53	0.00065461
5.55	0.000656659
5.57	0.000658729
5.59	0.000660818
5.61	0.000662924
5.63	0.000665046
5.65	0.000667183
5.67	0.000669333
5.69	0.000671495
5.71	0.000673668
5.73	0.000675852
5.75	0.000678046
5.77	0.000680248
5.79	0.000682458
5.81	0.000684675
5.83	0.000686899
5.85	0.000689129
5.87	0.000691364
5.89	0.000693605
5.91	0.00069585
5.93	0.000698099
5.95	0.000700352
5.97	0.000702609
5.99	0.000704869
6.01	0.000707131
6.03	0.000709396
6.05	0.000711664
6.07	0.000713933
6.09	0.000716204
6.11	0.000718477
6.13	0.000720751
6.15	0.000723027
6.17	0.000725303
6.19	0.000727581
6.21	0.00072986
6.23	0.000732139
6.25	0.000734419
6.27	0.0007367
6.29	0.000738981
6.31	0.000741262
6.33	0.000743544
6.35	0.000745826
6.37	0.000748108
6.39	0.00075039
6.41	0.000752673
6.43	0.000754955
6.45	0.000757238
6.47	0.00075952
6.49	0.000761802
6.51	0.000764085
6.53	0.000766367
6.55	0.000768649
6.57	0.00077093
6.59	0.000773212
6.61	0.000775493
6.63	0.000777774
6.65	0.000780055
6.67	0.000782336
6.69	0.000784616
6.71	0.000786896
6.73	0.000789176
6.75	0.000791456
6.77	0.000793735
6.79	0.000796014
6.81	0.000798293
6.83	0.000800571
6.85	0.000802849
6.87	0.000805127
6.89	0.000807404
6.91	0.000809682
6.93	0.000811959
6.95	0.000814235
6.97	0.000816512
6.99	0.000818788
7.01	0.000821064
7.03	0.000823339
7.05	0.000825614
7.07	0.000827889
7.09	0.000830164
7.11	0.000832439
7.13	0.000834713
7.15	0.000836987
7.17	0.00083926
7.19	0.000841534
7.21	0.000843807
7.23	0.00084608
7.25	0.000848353
7.27	0.000850625
7.29	0.000852898
7.31	0.00085517
7.33	0.000857442
7.35	0.000859713
7.37	0.000861985
7.39	0.000864256
7.41	0.000866527
7.43	0.000868798
7.45	0.000871069
7.47	0.000873339
7.49	0.00087561
7.51	0.00087788
7.53	0.00088015
7.55	0.00088242
7.57	0.000884689
7.59	0.000886959
7.61	0.000889228
7.63	0.000891498
7.65	0.000893767
7.67	0.000896036
7.69	0.000898304
7.71	0.000900573
7.73	0.000902842
7.75	0.00090511
7.77	0.000907379
7.79	0.000909647
7.81	0.000911915
7.83	0.000914183
7.85	0.000916451
7.87	0.000918719
7.89	0.000920986
7.91	0.000923254
7.93	0.000925522
7.95	0.000927789
7.97	0.000930056
7.99	0.000932324
8.01	0.000934591
8.03	0.000936858
8.05	0.000939125
8.07	0.000941392
8.09	0.000943659
8.11	0.000945926
8.13	0.000948193
8.15	0.00095046
8.17	0.000952727
8.19	0.000954994
8.21	0.000957261
8.23	0.000959527
8.25	0.000961794
8.27	0.000964061
8.29	0.000966327
8.31	0.000968594
8.33	0.000970861
8.35	0.000973127
8.37	0.000975394
8.39	0.000977661
8.41	0.000979927
8.43	0.000982194
8.45	0.00098446
8.47	0.000986727
8.49	0.000988994
8.51	0.00099126
8.53	0.000993527
8.55	0.000995794
8.57	0.00099806
8.59	0.00100033
8.61	0.00100259
8.63	0.00100486
8.65	0.00100713
8.67	0.00100939
8.69	0.00101166
8.71	0.00101393
8.73	0.0010162
8.75	0.00101846
8.77	0.00102073
8.79	0.001023
8.81	0.00102526
8.83	0.00102753
8.85	0.0010298
8.87	0.00103207
8.89	0.00103433
8.91	0.0010366
8.93	0.00103887
8.95	0.00104114
8.97	0.0010434
8.99	0.00104567
9.01	0.00104794
9.03	0.00105021
9.05	0.00105248
9.07	0.00105474
9.09	0.00105701
9.11	0.00105928
9.13	0.00106155
9.15	0.00106382
9.17	0.00106609
9.19	0.00106836
9.21	0.00107063
9.23	0.0010729
9.25	0.00107516
9.27	0.00107743
9.29	0.0010797
9.31	0.00108197
9.33	0.00108424
9.35	0.00108651
9.37	0.00108878
9.39	0.00109105
9.41	0.00109332
9.43	0.0010956
9.45	0.00109787
9.47	0.00110014
9.49	0.00110241
9.51	0.00110468
9.53	0.00110695
9.55	0.00110922
9.57	0.0011115
9.59	0.00111377
9.61	0.00111604
9.63	0.00111831
9.65	0.00112058
9.67	0.00112286
9.69	0.00112513
9.71	0.0011274
9.73	0.00112968
9.75	0.00113195
9.77	0.00113422
9.79	0.0011365
9.81	0.00113877
9.83	0.00114105
9.85	0.00114332
9.87	0.0011456
9.89	0.00114787
9.91	0.00115015
9.93	0.00115242
9.95	0.0011547
9.97	0.00115698
9.99	0.00115925
