label:AIS.ica_newCaP( 0.5 )
500
0.01	-0.000917419
0.03	-0.000921956
0.05	-0.000930496
0.07	-0.000941859
0.09	-0.000955268
0.11	-0.000970216
0.13	-0.000986378
0.15	-0.00100355
0.17	-0.00102159
0.19	-0.00104044
0.21	-0.00106006
0.23	-0.00108041
0.25	-0.00110152
0.27	-0.00112338
0.29	-0.00114602
0.31	-0.00116946
0.33	-0.00119374
0.35	-0.00121889
0.37	-0.00124495
0.39	-0.00127196
0.41	-0.00129998
0.43	-0.00132905
0.45	-0.00135922
0.47	-0.00139055
0.49	-0.0014231
0.51	-0.00145695
0.53	-0.00149216
0.55	-0.00152881
0.57	-0.00156697
0.59	-0.00160675
0.61	-0.00164823
0.63	-0.00169153
0.65	-0.00173674
0.67	-0.001784
0.69	-0.00183343
0.71	-0.00188518
0.73	-0.00193941
0.75	-0.00199629
0.77	-0.00205601
0.79	-0.00211877
0.81	-0.00218481
0.83	-0.00225437
0.85	-0.00232773
0.87	-0.00240521
0.89	-0.00248715
0.91	-0.00257392
0.93	-0.00266597
0.95	-0.00276378
0.97	-0.0028679
0.99	-0.00297893
1.01	-0.0030976
1.03	-0.0032247
1.05	-0.00336116
1.07	-0.00350805
1.09	-0.00366661
1.11	-0.00383827
1.13	-0.00402474
1.15	-0.00422802
1.17	-0.00445049
1.19	-0.00469502
1.21	-0.00496505
1.23	-0.00526481
1.25	-0.0055995
1.27	-0.00597558
1.29	-0.00640121
1.31	-0.00688679
1.33	-0.0074458
1.35	-0.00809593
1.37	-0.00886086
1.39	-0.00977284
1.41	-0.0108768
1.43	-0.0122367
1.45	-0.013946
1.47	-0.0161453
1.49	-0.0190524
1.51	-0.023017
1.53	-0.0286226
1.55	-0.0368925
1.57	-0.0497385
1.59	-0.0709545
1.61	-0.107612
1.63	-0.167284
1.65	-0.247344
1.67	-0.339204
1.69	-0.43688
1.71	-0.531054
1.73	-0.611099
1.75	-0.674831
1.77	-0.73157
1.79	-0.797893
1.81	-0.892619
1.83	-1.03296
1.85	-1.23021
1.87	-1.47732
1.89	-1.72279
1.91	-1.87703
1.93	-1.82136
1.95	-1.54091
1.97	-1.20493
1.99	-0.908491
2.01	-0.668872
2.03	-0.483659
2.05	-0.344994
2.07	-0.243599
2.09	-0.170729
2.11	-0.119017
2.13	-0.0826525
2.15	-0.0572456
2.17	-0.0395754
2.19	-0.0273254
2.21	-0.0188518
2.23	-0.0129996
2.25	-0.00896204
2.27	-0.00617856
2.29	-0.00426062
2.31	-0.00293955
2.33	-0.00202982
2.35	-0.00140348
2.37	-0.000972297
2.39	-0.000675496
2.41	-0.00047121
2.43	-0.000330612
2.45	-0.000233852
2.47	-0.000167267
2.49	-0.000121451
2.51	-8.99294e-05
2.53	-6.82472e-05
2.55	-5.33374e-05
2.57	-4.30891e-05
2.59	-3.60498e-05
2.61	-3.12198e-05
2.63	-2.79109e-05
2.65	-2.56498e-05
2.67	-2.41104e-05
2.69	-2.30684e-05
2.71	-2.23695e-05
2.73	-2.19074e-05
2.75	-2.16089e-05
2.77	-2.14235e-05
2.79	-2.13165e-05
2.81	-2.12641e-05
2.83	-2.12498e-05
2.85	-2.1262e-05
2.87	-2.12929e-05
2.89	-2.13372e-05
2.91	-2.13909e-05
2.93	-2.14515e-05
2.95	-2.1517e-05
2.97	-2.15863e-05
2.99	-2.16583e-05
3.01	-2.17324e-05
3.03	-2.18081e-05
3.05	-2.18851e-05
3.07	-2.1963e-05
3.09	-2.20417e-05
3.11	-2.2121e-05
3.13	-2.22007e-05
3.15	-2.22809e-05
3.17	-2.23612e-05
3.19	-2.24418e-05
3.21	-2.25224e-05
3.23	-2.26031e-05
3.25	-2.26838e-05
3.27	-2.27644e-05
3.29	-2.28449e-05
3.31	-2.29252e-05
3.33	-2.30053e-05
3.35	-2.30852e-05
3.37	-2.31648e-05
3.39	-2.32441e-05
3.41	-2.3323e-05
3.43	-2.34016e-05
3.45	-2.34798e-05
3.47	-2.35575e-05
3.49	-2.36348e-05
3.51	-2.37117e-05
3.53	-2.37881e-05
3.55	-2.3864e-05
3.57	-2.39393e-05
3.59	-2.40142e-05
3.61	-2.40885e-05
3.63	-2.41622e-05
3.65	-2.42354e-05
3.67	-2.43081e-05
3.69	-2.43802e-05
3.71	-2.44516e-05
3.73	-2.45226e-05
3.75	-2.45929e-05
3.77	-2.46626e-05
3.79	-2.47318e-05
3.81	-2.48003e-05
3.83	-2.48683e-05
3.85	-2.49357e-05
3.87	-2.50026e-05
3.89	-2.50688e-05
3.91	-2.51345e-05
3.93	-2.51996e-05
3.95	-2.52641e-05
3.97	-2.53281e-05
3.99	-2.53916e-05
4.01	-2.54545e-05
4.03	-2.55169e-05
4.05	-2.55787e-05
4.07	-2.564e-05
4.09	-2.57009e-05
4.11	-2.57612e-05
4.13	-2.5821e-05
4.15	-2.58804e-05
4.17	-2.59393e-05
4.19	-2.59977e-05
4.21	-2.60557e-05
4.23	-2.61133e-05
4.25	-2.61704e-05
4.27	-2.62271e-05
4.29	-2.62834e-05
4.31	-2.63393e-05
4.33	-2.63948e-05
4.35	-2.64499e-05
4.37	-2.65047e-05
4.39	-2.65591e-05
4.41	-2.66131e-05
4.43	-2.66668e-05
4.45	-2.67202e-05
4.47	-2.67733e-05
4.49	-2.6826e-05
4.51	-2.68785e-05
4.53	-2.69307e-05
4.55	-2.69826e-05
4.57	-2.70342e-05
4.59	-2.70856e-05
4.61	-2.71367e-05
4.63	-2.71875e-05
4.65	-2.72381e-05
4.67	-2.72885e-05
4.69	-2.73387e-05
4.71	-2.73886e-05
4.73	-2.74384e-05
4.75	-2.74879e-05
4.77	-2.75373e-05
4.79	-2.75864e-05
4.81	-2.76354e-05
4.83	-2.76843e-05
4.85	-2.77329e-05
4.87	-2.77814e-05
4.89	-2.78297e-05
4.91	-2.78779e-05
4.93	-2.7926e-05
4.95	-2.79739e-05
4.97	-2.80217e-05
4.99	-2.80694e-05
5.01	-2.81169e-05
5.03	-2.81644e-05
5.05	-2.82117e-05
5.07	-2.82589e-05
5.09	-2.83061e-05
5.11	-2.83531e-05
5.13	-2.84e-05
5.15	-2.84469e-05
5.17	-2.84937e-05
5.19	-2.85404e-05
5.21	-2.8587e-05
5.23	-2.86335e-05
5.25	-2.868e-05
5.27	-2.87265e-05
5.29	-2.87728e-05
5.31	-2.88191e-05
5.33	-2.88654e-05
5.35	-2.89116e-05
5.37	-2.89578e-05
5.39	-2.90039e-05
5.41	-2.905e-05
5.43	-2.9096e-05
5.45	-2.9142e-05
5.47	-2.9188e-05
5.49	-2.92339e-05
5.51	-2.92798e-05
5.53	-2.93257e-05
5.55	-2.93716e-05
5.57	-2.94174e-05
5.59	-2.94632e-05
5.61	-2.95091e-05
5.63	-2.95548e-05
5.65	-2.96006e-05
5.67	-2.96464e-05
5.69	-2.96922e-05
5.71	-2.97379e-05
5.73	-2.97837e-05
5.75	-2.98294e-05
5.77	-2.98751e-05
5.79	-2.99209e-05
5.81	-2.99666e-05
5.83	-3.00123e-05
5.85	-3.00581e-05
5.87	-3.01038e-05
5.89	-3.01496e-05
5.91	-3.01954e-05
5.93	-3.02411e-05
5.95	-3.02869e-05
5.97	-3.03327e-05
5.99	-3.03785e-05
6.01	-3.04243e-05
6.03	-3.04701e-05
6.05	-3.0516e-05
6.07	-3.05618e-05
6.09	-3.06077e-05
6.11	-3.06536e-05
6.13	-3.06995e-05
6.15	-3.07454e-05
6.17	-3.07914e-05
6.19	-3.08374e-05
6.21	-3.08834e-05
6.23	-3.09294e-05
6.25	-3.09754e-05
6.27	-3.10215e-05
6.29	-3.10676e-05
6.31	-3.11137e-05
6.33	-3.11598e-05
6.35	-3.1206e-05
6.37	-3.12522e-05
6.39	-3.12984e-05
6.41	-3.13446e-05
6.43	-3.13909e-05
6.45	-3.14372e-05
6.47	-3.14836e-05
6.49	-3.15299e-05
6.51	-3.15763e-05
6.53	-3.16228e-05
6.55	-3.16692e-05
6.57	-3.17157e-05
6.59	-3.17622e-05
6.61	-3.18088e-05
6.63	-3.18554e-05
6.65	-3.1902e-05
6.67	-3.19487e-05
6.69	-3.19954e-05
6.71	-3.20421e-05
6.73	-3.20889e-05
6.75	-3.21357e-05
6.77	-3.21825e-05
6.79	-3.22294e-05
6.81	-3.22763e-05
6.83	-3.23232e-05
6.85	-3.23702e-05
6.87	-3.24172e-05
6.89	-3.24643e-05
6.91	-3.25114e-05
6.93	-3.25585e-05
6.95	-3.26057e-05
6.97	-3.26529e-05
6.99	-3.27001e-05
7.01	-3.27474e-05
7.03	-3.27948e-05
7.05	-3.28421e-05
7.07	-3.28895e-05
7.09	-3.2937e-05
7.11	-3.29845e-05
7.13	-3.3032e-05
7.15	-3.30796e-05
7.17	-3.31272e-05
7.19	-3.31748e-05
7.21	-3.32225e-05
7.23	-3.32703e-05
7.25	-3.33181e-05
7.27	-3.33659e-05
7.29	-3.34137e-05
7.31	-3.34616e-05
7.33	-3.35096e-05
7.35	-3.35576e-05
7.37	-3.36056e-05
7.39	-3.36537e-05
7.41	-3.37018e-05
7.43	-3.375e-05
7.45	-3.37982e-05
7.47	-3.38464e-05
7.49	-3.38947e-05
7.51	-3.3943e-05
7.53	-3.39914e-05
7.55	-3.40399e-05
7.57	-3.40883e-05
7.59	-3.41368e-05
7.61	-3.41854e-05
7.63	-3.4234e-05
7.65	-3.42826e-05
7.67	-3.43313e-05
7.69	-3.43801e-05
7.71	-3.44289e-05
7.73	-3.44777e-05
7.75	-3.45266e-05
7.77	-3.45755e-05
7.79	-3.46245e-05
7.81	-3.46735e-05
7.83	-3.47225e-05
7.85	-3.47716e-05
7.87	-3.48208e-05
7.89	-3.487e-05
7.91	-3.49192e-05
7.93	-3.49685e-05
7.95	-3.50179e-05
7.97	-3.50672e-05
7.99	-3.51167e-05
8.01	-3.51661e-05
8.03	-3.52157e-05
8.05	-3.52652e-05
8.07	-3.53149e-05
8.09	-3.53645e-05
8.11	-3.54142e-05
8.13	-3.5464e-05
8.15	-3.55138e-05
8.17	-3.55637e-05
8.19	-3.56136e-05
8.21	-3.56635e-05
8.23	-3.57135e-05
8.25	-3.57636e-05
8.27	-3.58137e-05
8.29	-3.58638e-05
8.31	-3.5914e-05
8.33	-3.59643e-05
8.35	-3.60146e-05
8.37	-3.60649e-05
8.39	-3.61153e-05
8.41	-3.61657e-05
8.43	-3.62162e-05
8.45	-3.62668e-05
8.47	-3.63173e-05
8.49	-3.6368e-05
8.51	-3.64187e-05
8.53	-3.64694e-05
8.55	-3.65202e-05
8.57	-3.6571e-05
8.59	-3.66219e-05
8.61	-3.66729e-05
8.63	-3.67238e-05
8.65	-3.67749e-05
8.67	-3.6826e-05
8.69	-3.68771e-05
8.71	-3.69283e-05
8.73	-3.69795e-05
8.75	-3.70308e-05
8.77	-3.70822e-05
8.79	-3.71336e-05
8.81	-3.7185e-05
8.83	-3.72365e-05
8.85	-3.7288e-05
8.87	-3.73396e-05
8.89	-3.73913e-05
8.91	-3.7443e-05
8.93	-3.74948e-05
8.95	-3.75466e-05
8.97	-3.75984e-05
8.99	-3.76503e-05
9.01	-3.77023e-05
9.03	-3.77543e-05
9.05	-3.78064e-05
9.07	-3.78585e-05
9.09	-3.79106e-05
9.11	-3.79629e-05
9.13	-3.80151e-05
9.15	-3.80675e-05
9.17	-3.81199e-05
9.19	-3.81723e-05
9.21	-3.82248e-05
9.23	-3.82773e-05
9.25	-3.83299e-05
9.27	-3.83826e-05
9.29	-3.84353e-05
9.31	-3.8488e-05
9.33	-3.85408e-05
9.35	-3.85937e-05
9.37	-3.86466e-05
9.39	-3.86996e-05
9.41	-3.87526e-05
9.43	-3.88057e-05
9.45	-3.88588e-05
9.47	-3.8912e-05
9.49	-3.89652e-05
9.51	-3.90185e-05
9.53	-3.90719e-05
9.55	-3.91253e-05
9.57	-3.91788e-05
9.59	-3.92323e-05
9.61	-3.92859e-05
9.63	-3.93395e-05
9.65	-3.93932e-05
9.67	-3.94469e-05
9.69	-3.95007e-05
9.71	-3.95546e-05
9.73	-3.96085e-05
9.75	-3.96624e-05
9.77	-3.97165e-05
9.79	-3.97705e-05
9.81	-3.98247e-05
9.83	-3.98788e-05
9.85	-3.99331e-05
9.87	-3.99874e-05
9.89	-4.00418e-05
9.91	-4.00962e-05
9.93	-4.01506e-05
9.95	-4.02052e-05
9.97	-4.02598e-05
9.99	-4.03144e-05
