label:AIS.v( 1 )
500
0.03	-59.9178
0.05	-59.8364
0.07	-59.7555
0.09	-59.6745
0.11	-59.5931
0.13	-59.511
0.15	-59.428
0.17	-59.344
0.19	-59.259
0.21	-59.1729
0.23	-59.0857
0.25	-58.9973
0.27	-58.9076
0.29	-58.8166
0.31	-58.7244
0.33	-58.6308
0.35	-58.5358
0.37	-58.4394
0.39	-58.3416
0.41	-58.2423
0.43	-58.1415
0.45	-58.039
0.47	-57.935
0.49	-57.8293
0.51	-57.7219
0.53	-57.6127
0.55	-57.5016
0.57	-57.3887
0.59	-57.2738
0.61	-57.1569
0.63	-57.0379
0.65	-56.9168
0.67	-56.7933
0.69	-56.6676
0.71	-56.5393
0.73	-56.4086
0.75	-56.2751
0.77	-56.1389
0.79	-55.9997
0.81	-55.8574
0.83	-55.712
0.85	-55.5631
0.87	-55.4107
0.89	-55.2544
0.91	-55.0942
0.93	-54.9296
0.95	-54.7605
0.97	-54.5866
0.99	-54.4074
1.01	-54.2227
1.03	-54.032
1.05	-53.8349
1.07	-53.6307
1.09	-53.4189
1.11	-53.1987
1.13	-52.9695
1.15	-52.7302
1.17	-52.4799
1.19	-52.2173
1.21	-51.941
1.23	-51.6493
1.25	-51.3403
1.27	-51.0114
1.29	-50.66
1.31	-50.2824
1.33	-49.8743
1.35	-49.4304
1.37	-48.944
1.39	-48.4062
1.41	-47.8059
1.43	-47.1282
1.45	-46.3531
1.47	-45.4533
1.49	-44.3909
1.51	-43.1126
1.53	-41.5432
1.55	-39.5788
1.57	-37.0852
1.59	-33.9207
1.61	-30.0118
1.63	-25.4801
1.65	-20.6908
1.67	-16.0905
1.69	-11.9904
1.71	-8.52817
1.73	-5.76776
1.75	-3.80275
1.77	-2.80992
1.79	-3.04554
1.81	-4.7774
1.83	-8.16671
1.85	-13.1584
1.87	-19.4512
1.89	-26.5719
1.91	-34.0131
1.93	-41.3485
1.95	-48.2844
1.97	-54.5684
1.99	-59.9372
2.01	-64.2746
2.03	-67.6384
2.05	-70.1728
2.07	-72.0406
2.09	-73.3931
2.11	-74.3597
2.13	-75.044
2.15	-75.5256
2.17	-75.8635
2.19	-76.1004
2.21	-76.2666
2.23	-76.3835
2.25	-76.4659
2.27	-76.5242
2.29	-76.5654
2.31	-76.5945
2.33	-76.6148
2.35	-76.6287
2.37	-76.6378
2.39	-76.6434
2.41	-76.6461
2.43	-76.6466
2.45	-76.6452
2.47	-76.6424
2.49	-76.6382
2.51	-76.6329
2.53	-76.6267
2.55	-76.6195
2.57	-76.6115
2.59	-76.6028
2.61	-76.5934
2.63	-76.5834
2.65	-76.5728
2.67	-76.5616
2.69	-76.55
2.71	-76.5378
2.73	-76.5253
2.75	-76.5123
2.77	-76.4989
2.79	-76.4853
2.81	-76.4713
2.83	-76.457
2.85	-76.4425
2.87	-76.4277
2.89	-76.4128
2.91	-76.3977
2.93	-76.3824
2.95	-76.367
2.97	-76.3515
2.99	-76.3359
3.01	-76.3203
3.03	-76.3046
3.05	-76.2888
3.07	-76.2731
3.09	-76.2574
3.11	-76.2416
3.13	-76.2259
3.15	-76.2103
3.17	-76.1946
3.19	-76.1791
3.21	-76.1636
3.23	-76.1482
3.25	-76.1328
3.27	-76.1176
3.29	-76.1024
3.31	-76.0874
3.33	-76.0724
3.35	-76.0576
3.37	-76.0429
3.39	-76.0283
3.41	-76.0139
3.43	-75.9995
3.45	-75.9853
3.47	-75.9712
3.49	-75.9573
3.51	-75.9435
3.53	-75.9298
3.55	-75.9163
3.57	-75.9029
3.59	-75.8897
3.61	-75.8766
3.63	-75.8636
3.65	-75.8508
3.67	-75.8381
3.69	-75.8256
3.71	-75.8132
3.73	-75.8009
3.75	-75.7888
3.77	-75.7768
3.79	-75.765
3.81	-75.7533
3.83	-75.7417
3.85	-75.7303
3.87	-75.7189
3.89	-75.7077
3.91	-75.6967
3.93	-75.6857
3.95	-75.6749
3.97	-75.6642
3.99	-75.6536
4.01	-75.6431
4.03	-75.6328
4.05	-75.6225
4.07	-75.6124
4.09	-75.6023
4.11	-75.5924
4.13	-75.5825
4.15	-75.5728
4.17	-75.5632
4.19	-75.5536
4.21	-75.5442
4.23	-75.5348
4.25	-75.5255
4.27	-75.5163
4.29	-75.5072
4.31	-75.4982
4.33	-75.4892
4.35	-75.4803
4.37	-75.4715
4.39	-75.4628
4.41	-75.4541
4.43	-75.4455
4.45	-75.437
4.47	-75.4286
4.49	-75.4202
4.51	-75.4118
4.53	-75.4035
4.55	-75.3953
4.57	-75.3871
4.59	-75.379
4.61	-75.371
4.63	-75.363
4.65	-75.355
4.67	-75.3471
4.69	-75.3392
4.71	-75.3314
4.73	-75.3236
4.75	-75.3159
4.77	-75.3082
4.79	-75.3005
4.81	-75.2929
4.83	-75.2853
4.85	-75.2778
4.87	-75.2703
4.89	-75.2628
4.91	-75.2554
4.93	-75.248
4.95	-75.2406
4.97	-75.2333
4.99	-75.226
5.01	-75.2187
5.03	-75.2114
5.05	-75.2042
5.07	-75.197
5.09	-75.1898
5.11	-75.1826
5.13	-75.1755
5.15	-75.1684
5.17	-75.1613
5.19	-75.1543
5.21	-75.1472
5.23	-75.1402
5.25	-75.1332
5.27	-75.1262
5.29	-75.1193
5.31	-75.1123
5.33	-75.1054
5.35	-75.0985
5.37	-75.0916
5.39	-75.0847
5.41	-75.0778
5.43	-75.071
5.45	-75.0642
5.47	-75.0574
5.49	-75.0506
5.51	-75.0438
5.53	-75.037
5.55	-75.0302
5.57	-75.0235
5.59	-75.0168
5.61	-75.01
5.63	-75.0033
5.65	-74.9966
5.67	-74.9899
5.69	-74.9833
5.71	-74.9766
5.73	-74.9699
5.75	-74.9633
5.77	-74.9566
5.79	-74.95
5.81	-74.9434
5.83	-74.9368
5.85	-74.9302
5.87	-74.9236
5.89	-74.917
5.91	-74.9105
5.93	-74.9039
5.95	-74.8973
5.97	-74.8908
5.99	-74.8843
6.01	-74.8777
6.03	-74.8712
6.05	-74.8647
6.07	-74.8582
6.09	-74.8517
6.11	-74.8452
6.13	-74.8387
6.15	-74.8322
6.17	-74.8257
6.19	-74.8193
6.21	-74.8128
6.23	-74.8063
6.25	-74.7999
6.27	-74.7934
6.29	-74.787
6.31	-74.7806
6.33	-74.7741
6.35	-74.7677
6.37	-74.7613
6.39	-74.7549
6.41	-74.7485
6.43	-74.7421
6.45	-74.7357
6.47	-74.7293
6.49	-74.7229
6.51	-74.7165
6.53	-74.7101
6.55	-74.7038
6.57	-74.6974
6.59	-74.691
6.61	-74.6847
6.63	-74.6783
6.65	-74.672
6.67	-74.6656
6.69	-74.6593
6.71	-74.653
6.73	-74.6466
6.75	-74.6403
6.77	-74.634
6.79	-74.6277
6.81	-74.6214
6.83	-74.615
6.85	-74.6087
6.87	-74.6024
6.89	-74.5961
6.91	-74.5899
6.93	-74.5836
6.95	-74.5773
6.97	-74.571
6.99	-74.5647
7.01	-74.5584
7.03	-74.5522
7.05	-74.5459
7.07	-74.5396
7.09	-74.5334
7.11	-74.5271
7.13	-74.5209
7.15	-74.5146
7.17	-74.5084
7.19	-74.5021
7.21	-74.4959
7.23	-74.4897
7.25	-74.4834
7.27	-74.4772
7.29	-74.471
7.31	-74.4648
7.33	-74.4585
7.35	-74.4523
7.37	-74.4461
7.39	-74.4399
7.41	-74.4337
7.43	-74.4275
7.45	-74.4213
7.47	-74.4151
7.49	-74.4089
7.51	-74.4027
7.53	-74.3965
7.55	-74.3903
7.57	-74.3842
7.59	-74.378
7.61	-74.3718
7.63	-74.3656
7.65	-74.3595
7.67	-74.3533
7.69	-74.3471
7.71	-74.341
7.73	-74.3348
7.75	-74.3287
7.77	-74.3225
7.79	-74.3164
7.81	-74.3102
7.83	-74.3041
7.85	-74.298
7.87	-74.2918
7.89	-74.2857
7.91	-74.2795
7.93	-74.2734
7.95	-74.2673
7.97	-74.2612
7.99	-74.2551
8.01	-74.2489
8.03	-74.2428
8.05	-74.2367
8.07	-74.2306
8.09	-74.2245
8.11	-74.2184
8.13	-74.2123
8.15	-74.2062
8.17	-74.2001
8.19	-74.194
8.21	-74.1879
8.23	-74.1818
8.25	-74.1757
8.27	-74.1697
8.29	-74.1636
8.31	-74.1575
8.33	-74.1514
8.35	-74.1454
8.37	-74.1393
8.39	-74.1332
8.41	-74.1272
8.43	-74.1211
8.45	-74.115
8.47	-74.109
8.49	-74.1029
8.51	-74.0969
8.53	-74.0908
8.55	-74.0848
8.57	-74.0787
8.59	-74.0727
8.61	-74.0667
8.63	-74.0606
8.65	-74.0546
8.67	-74.0485
8.69	-74.0425
8.71	-74.0365
8.73	-74.0305
8.75	-74.0244
8.77	-74.0184
8.79	-74.0124
8.81	-74.0064
8.83	-74.0004
8.85	-73.9944
8.87	-73.9883
8.89	-73.9823
8.91	-73.9763
8.93	-73.9703
8.95	-73.9643
8.97	-73.9583
8.99	-73.9523
9.01	-73.9463
9.03	-73.9404
9.05	-73.9344
9.07	-73.9284
9.09	-73.9224
9.11	-73.9164
9.13	-73.9104
9.15	-73.9044
9.17	-73.8985
9.19	-73.8925
9.21	-73.8865
9.23	-73.8806
9.25	-73.8746
9.27	-73.8686
9.29	-73.8627
9.31	-73.8567
9.33	-73.8507
9.35	-73.8448
9.37	-73.8388
9.39	-73.8329
9.41	-73.8269
9.43	-73.821
9.45	-73.815
9.47	-73.8091
9.49	-73.8031
9.51	-73.7972
9.53	-73.7912
9.55	-73.7853
9.57	-73.7794
9.59	-73.7734
9.61	-73.7675
9.63	-73.7616
9.65	-73.7556
9.67	-73.7497
9.69	-73.7438
9.71	-73.7379
9.73	-73.732
9.75	-73.726
9.77	-73.7201
9.79	-73.7142
9.81	-73.7083
9.83	-73.7024
9.85	-73.6965
9.87	-73.6906
9.89	-73.6847
9.91	-73.6787
9.93	-73.6728
9.95	-73.6669
9.97	-73.661
9.99	-73.6552
10.01	-73.6493
