label:AIS.ica_newCaP( 0.5 )
500
0.01	-0.000917419
0.03	-0.000922094
0.05	-0.000930896
0.07	-0.000942617
0.09	-0.000956458
0.11	-0.000971896
0.13	-0.000988598
0.15	-0.00100635
0.17	-0.00102502
0.19	-0.00104454
0.21	-0.00106485
0.23	-0.00108595
0.25	-0.00110784
0.27	-0.00113052
0.29	-0.00115403
0.31	-0.00117838
0.33	-0.00120363
0.35	-0.00122979
0.37	-0.00125692
0.39	-0.00128507
0.41	-0.00131429
0.43	-0.00134462
0.45	-0.00137613
0.47	-0.00140889
0.49	-0.00144296
0.51	-0.00147842
0.53	-0.00151534
0.55	-0.00155381
0.57	-0.00159392
0.59	-0.00163577
0.61	-0.00167947
0.63	-0.00172513
0.65	-0.00177288
0.67	-0.00182286
0.69	-0.00187522
0.71	-0.00193011
0.73	-0.00198773
0.75	-0.00204826
0.77	-0.00211192
0.79	-0.00217894
0.81	-0.0022496
0.83	-0.00232418
0.85	-0.002403
0.87	-0.00248643
0.89	-0.00257486
0.91	-0.00266876
0.93	-0.00276862
0.95	-0.00287503
0.97	-0.00298864
0.99	-0.00311018
1.01	-0.00324052
1.03	-0.00338064
1.05	-0.00353166
1.07	-0.00369492
1.09	-0.00387194
1.11	-0.00406454
1.13	-0.00427487
1.15	-0.00450551
1.17	-0.00475953
1.19	-0.0050407
1.21	-0.00535359
1.23	-0.0057039
1.25	-0.00609872
1.27	-0.00654707
1.29	-0.00706051
1.31	-0.00765408
1.33	-0.00834772
1.35	-0.00916828
1.37	-0.0101527
1.39	-0.0113528
1.41	-0.0128433
1.43	-0.0147345
1.45	-0.0171947
1.47	-0.0204879
1.49	-0.0250452
1.51	-0.0315997
1.53	-0.0414698
1.55	-0.057194
1.57	-0.0838264
1.59	-0.129619
1.61	-0.199044
1.63	-0.285106
1.65	-0.380475
1.67	-0.478199
1.69	-0.566157
1.71	-0.633792
1.73	-0.68018
1.75	-0.712718
1.77	-0.741715
1.79	-0.776998
1.81	-0.826843
1.83	-0.897782
1.85	-0.994365
1.87	-1.11865
1.89	-1.26928
1.91	-1.43964
1.93	-1.61448
1.95	-1.76784
1.97	-1.87004
1.99	-1.89383
2.01	-1.81147
2.03	-1.6102
2.05	-1.32462
2.07	-1.02639
2.09	-0.767574
2.11	-0.562729
2.13	-0.407353
2.15	-0.292136
2.17	-0.207961
2.19	-0.147151
2.21	-0.103607
2.23	-0.0726515
2.25	-0.0507743
2.27	-0.0353885
2.29	-0.0246112
2.31	-0.0170869
2.33	-0.0118477
2.35	-0.00820752
2.37	-0.0056827
2.39	-0.00393394
2.41	-0.00272403
2.43	-0.00188765
2.45	-0.00130989
2.47	-0.000910981
2.49	-0.000635663
2.51	-0.000445697
2.53	-0.000314645
2.55	-0.000224244
2.57	-0.000161883
2.59	-0.000118861
2.61	-8.91753e-05
2.63	-6.86869e-05
2.65	-5.45411e-05
2.67	-4.477e-05
2.69	-3.80172e-05
2.71	-3.33475e-05
2.73	-3.01161e-05
2.75	-2.78785e-05
2.77	-2.63282e-05
2.79	-2.52538e-05
2.81	-2.45093e-05
2.83	-2.39941e-05
2.85	-2.36385e-05
2.87	-2.33944e-05
2.89	-2.32286e-05
2.91	-2.31181e-05
2.93	-2.30467e-05
2.95	-2.30034e-05
2.97	-2.29804e-05
2.99	-2.29723e-05
3.01	-2.29752e-05
3.03	-2.29866e-05
3.05	-2.30044e-05
3.07	-2.30273e-05
3.09	-2.30543e-05
3.11	-2.30846e-05
3.13	-2.31178e-05
3.15	-2.31534e-05
3.17	-2.3191e-05
3.19	-2.32305e-05
3.21	-2.32716e-05
3.23	-2.33142e-05
3.25	-2.33581e-05
3.27	-2.34032e-05
3.29	-2.34494e-05
3.31	-2.34966e-05
3.33	-2.35446e-05
3.35	-2.35935e-05
3.37	-2.36432e-05
3.39	-2.36935e-05
3.41	-2.37444e-05
3.43	-2.37959e-05
3.45	-2.38479e-05
3.47	-2.39003e-05
3.49	-2.39532e-05
3.51	-2.40064e-05
3.53	-2.40599e-05
3.55	-2.41136e-05
3.57	-2.41676e-05
3.59	-2.42218e-05
3.61	-2.42761e-05
3.63	-2.43306e-05
3.65	-2.43852e-05
3.67	-2.44398e-05
3.69	-2.44945e-05
3.71	-2.45492e-05
3.73	-2.46038e-05
3.75	-2.46585e-05
3.77	-2.47131e-05
3.79	-2.47676e-05
3.81	-2.48221e-05
3.83	-2.48764e-05
3.85	-2.49306e-05
3.87	-2.49848e-05
3.89	-2.50387e-05
3.91	-2.50925e-05
3.93	-2.51462e-05
3.95	-2.51997e-05
3.97	-2.5253e-05
3.99	-2.53062e-05
4.01	-2.53591e-05
4.03	-2.54119e-05
4.05	-2.54645e-05
4.07	-2.55168e-05
4.09	-2.5569e-05
4.11	-2.5621e-05
4.13	-2.56728e-05
4.15	-2.57243e-05
4.17	-2.57757e-05
4.19	-2.58269e-05
4.21	-2.58778e-05
4.23	-2.59286e-05
4.25	-2.59792e-05
4.27	-2.60296e-05
4.29	-2.60797e-05
4.31	-2.61297e-05
4.33	-2.61795e-05
4.35	-2.62292e-05
4.37	-2.62786e-05
4.39	-2.63279e-05
4.41	-2.63769e-05
4.43	-2.64259e-05
4.45	-2.64746e-05
4.47	-2.65232e-05
4.49	-2.65716e-05
4.51	-2.66199e-05
4.53	-2.6668e-05
4.55	-2.6716e-05
4.57	-2.67638e-05
4.59	-2.68115e-05
4.61	-2.68591e-05
4.63	-2.69065e-05
4.65	-2.69539e-05
4.67	-2.70011e-05
4.69	-2.70481e-05
4.71	-2.70951e-05
4.73	-2.7142e-05
4.75	-2.71887e-05
4.77	-2.72354e-05
4.79	-2.72819e-05
4.81	-2.73284e-05
4.83	-2.73748e-05
4.85	-2.74211e-05
4.87	-2.74673e-05
4.89	-2.75134e-05
4.91	-2.75595e-05
4.93	-2.76055e-05
4.95	-2.76514e-05
4.97	-2.76973e-05
4.99	-2.77431e-05
5.01	-2.77889e-05
5.03	-2.78346e-05
5.05	-2.78802e-05
5.07	-2.79258e-05
5.09	-2.79714e-05
5.11	-2.80169e-05
5.13	-2.80624e-05
5.15	-2.81079e-05
5.17	-2.81533e-05
5.19	-2.81987e-05
5.21	-2.8244e-05
5.23	-2.82894e-05
5.25	-2.83347e-05
5.27	-2.838e-05
5.29	-2.84253e-05
5.31	-2.84706e-05
5.33	-2.85158e-05
5.35	-2.85611e-05
5.37	-2.86063e-05
5.39	-2.86515e-05
5.41	-2.86968e-05
5.43	-2.8742e-05
5.45	-2.87872e-05
5.47	-2.88324e-05
5.49	-2.88776e-05
5.51	-2.89229e-05
5.53	-2.89681e-05
5.55	-2.90133e-05
5.57	-2.90586e-05
5.59	-2.91039e-05
5.61	-2.91491e-05
5.63	-2.91944e-05
5.65	-2.92397e-05
5.67	-2.9285e-05
5.69	-2.93303e-05
5.71	-2.93757e-05
5.73	-2.94211e-05
5.75	-2.94664e-05
5.77	-2.95119e-05
5.79	-2.95573e-05
5.81	-2.96027e-05
5.83	-2.96482e-05
5.85	-2.96937e-05
5.87	-2.97392e-05
5.89	-2.97848e-05
5.91	-2.98304e-05
5.93	-2.9876e-05
5.95	-2.99216e-05
5.97	-2.99673e-05
5.99	-3.0013e-05
6.01	-3.00588e-05
6.03	-3.01045e-05
6.05	-3.01503e-05
6.07	-3.01962e-05
6.09	-3.0242e-05
6.11	-3.0288e-05
6.13	-3.03339e-05
6.15	-3.03799e-05
6.17	-3.04259e-05
6.19	-3.04719e-05
6.21	-3.0518e-05
6.23	-3.05642e-05
6.25	-3.06103e-05
6.27	-3.06566e-05
6.29	-3.07028e-05
6.31	-3.07491e-05
6.33	-3.07954e-05
6.35	-3.08418e-05
6.37	-3.08882e-05
6.39	-3.09347e-05
6.41	-3.09812e-05
6.43	-3.10277e-05
6.45	-3.10743e-05
6.47	-3.11209e-05
6.49	-3.11676e-05
6.51	-3.12143e-05
6.53	-3.12611e-05
6.55	-3.13079e-05
6.57	-3.13548e-05
6.59	-3.14017e-05
6.61	-3.14486e-05
6.63	-3.14956e-05
6.65	-3.15426e-05
6.67	-3.15897e-05
6.69	-3.16368e-05
6.71	-3.1684e-05
6.73	-3.17313e-05
6.75	-3.17785e-05
6.77	-3.18258e-05
6.79	-3.18732e-05
6.81	-3.19206e-05
6.83	-3.19681e-05
6.85	-3.20156e-05
6.87	-3.20632e-05
6.89	-3.21108e-05
6.91	-3.21585e-05
6.93	-3.22062e-05
6.95	-3.22539e-05
6.97	-3.23018e-05
6.99	-3.23496e-05
7.01	-3.23975e-05
7.03	-3.24455e-05
7.05	-3.24935e-05
7.07	-3.25416e-05
7.09	-3.25897e-05
7.11	-3.26379e-05
7.13	-3.26861e-05
7.15	-3.27343e-05
7.17	-3.27827e-05
7.19	-3.2831e-05
7.21	-3.28795e-05
7.23	-3.29279e-05
7.25	-3.29765e-05
7.27	-3.3025e-05
7.29	-3.30737e-05
7.31	-3.31223e-05
7.33	-3.31711e-05
7.35	-3.32199e-05
7.37	-3.32687e-05
7.39	-3.33176e-05
7.41	-3.33665e-05
7.43	-3.34155e-05
7.45	-3.34646e-05
7.47	-3.35137e-05
7.49	-3.35629e-05
7.51	-3.36121e-05
7.53	-3.36613e-05
7.55	-3.37107e-05
7.57	-3.376e-05
7.59	-3.38095e-05
7.61	-3.38589e-05
7.63	-3.39085e-05
7.65	-3.39581e-05
7.67	-3.40077e-05
7.69	-3.40574e-05
7.71	-3.41071e-05
7.73	-3.4157e-05
7.75	-3.42068e-05
7.77	-3.42567e-05
7.79	-3.43067e-05
7.81	-3.43567e-05
7.83	-3.44068e-05
7.85	-3.44569e-05
7.87	-3.45071e-05
7.89	-3.45574e-05
7.91	-3.46077e-05
7.93	-3.4658e-05
7.95	-3.47084e-05
7.97	-3.47589e-05
7.99	-3.48094e-05
8.01	-3.486e-05
8.03	-3.49107e-05
8.05	-3.49613e-05
8.07	-3.50121e-05
8.09	-3.50629e-05
8.11	-3.51138e-05
8.13	-3.51647e-05
8.15	-3.52156e-05
8.17	-3.52667e-05
8.19	-3.53178e-05
8.21	-3.53689e-05
8.23	-3.54201e-05
8.25	-3.54714e-05
8.27	-3.55227e-05
8.29	-3.5574e-05
8.31	-3.56255e-05
8.33	-3.5677e-05
8.35	-3.57285e-05
8.37	-3.57801e-05
8.39	-3.58318e-05
8.41	-3.58835e-05
8.43	-3.59353e-05
8.45	-3.59871e-05
8.47	-3.6039e-05
8.49	-3.60909e-05
8.51	-3.61429e-05
8.53	-3.6195e-05
8.55	-3.62471e-05
8.57	-3.62993e-05
8.59	-3.63515e-05
8.61	-3.64038e-05
8.63	-3.64562e-05
8.65	-3.65086e-05
8.67	-3.65611e-05
8.69	-3.66136e-05
8.71	-3.66662e-05
8.73	-3.67189e-05
8.75	-3.67716e-05
8.77	-3.68244e-05
8.79	-3.68772e-05
8.81	-3.69301e-05
8.83	-3.6983e-05
8.85	-3.70361e-05
8.87	-3.70891e-05
8.89	-3.71423e-05
8.91	-3.71955e-05
8.93	-3.72487e-05
8.95	-3.7302e-05
8.97	-3.73554e-05
8.99	-3.74088e-05
9.01	-3.74623e-05
9.03	-3.75159e-05
9.05	-3.75695e-05
9.07	-3.76232e-05
9.09	-3.76769e-05
9.11	-3.77307e-05
9.13	-3.77846e-05
9.15	-3.78385e-05
9.17	-3.78925e-05
9.19	-3.79466e-05
9.21	-3.80007e-05
9.23	-3.80549e-05
9.25	-3.81091e-05
9.27	-3.81634e-05
9.29	-3.82178e-05
9.31	-3.82722e-05
9.33	-3.83267e-05
9.35	-3.83812e-05
9.37	-3.84358e-05
9.39	-3.84905e-05
9.41	-3.85453e-05
9.43	-3.86001e-05
9.45	-3.86549e-05
9.47	-3.87099e-05
9.49	-3.87649e-05
9.51	-3.88199e-05
9.53	-3.8875e-05
9.55	-3.89302e-05
9.57	-3.89855e-05
9.59	-3.90408e-05
9.61	-3.90962e-05
9.63	-3.91516e-05
9.65	-3.92071e-05
9.67	-3.92627e-05
9.69	-3.93183e-05
9.71	-3.9374e-05
9.73	-3.94298e-05
9.75	-3.94856e-05
9.77	-3.95415e-05
9.79	-3.95975e-05
9.81	-3.96536e-05
9.83	-3.97096e-05
9.85	-3.97658e-05
9.87	-3.9822e-05
9.89	-3.98783e-05
9.91	-3.99347e-05
9.93	-3.99911e-05
9.95	-4.00476e-05
9.97	-4.01042e-05
9.99	-4.01608e-05
