label:AIS.ica_newCaP( 0.5 )
500
0.01	-0.000917419
0.03	-0.000921956
0.05	-0.000930495
0.07	-0.000941856
0.09	-0.00095526
0.11	-0.0009702
0.13	-0.000986348
0.15	-0.0010035
0.17	-0.00102152
0.19	-0.00104033
0.21	-0.0010599
0.23	-0.00108021
0.25	-0.00110125
0.27	-0.00112304
0.29	-0.00114559
0.31	-0.00116893
0.33	-0.0011931
0.35	-0.00121813
0.37	-0.00124405
0.39	-0.00127091
0.41	-0.00129875
0.43	-0.00132763
0.45	-0.0013576
0.47	-0.00138871
0.49	-0.00142103
0.51	-0.00145461
0.53	-0.00148954
0.55	-0.00152588
0.57	-0.00156371
0.59	-0.00160313
0.61	-0.00164423
0.63	-0.00168711
0.65	-0.00173187
0.67	-0.00177865
0.69	-0.00182756
0.71	-0.00187875
0.73	-0.00193238
0.75	-0.00198861
0.77	-0.00204762
0.79	-0.00210962
0.81	-0.00217483
0.83	-0.0022435
0.85	-0.00231589
0.87	-0.00239232
0.89	-0.0024731
0.91	-0.00255863
0.93	-0.00264931
0.95	-0.00274562
0.97	-0.00284809
0.99	-0.00295731
1.01	-0.00307398
1.03	-0.00319886
1.05	-0.00333286
1.07	-0.003477
1.09	-0.00363247
1.11	-0.00380066
1.13	-0.00398321
1.15	-0.00418203
1.17	-0.0043994
1.19	-0.00463806
1.21	-0.0049013
1.23	-0.00519313
1.25	-0.00551848
1.27	-0.00588348
1.29	-0.00629582
1.31	-0.00676529
1.33	-0.0073045
1.35	-0.00792999
1.37	-0.00866375
1.39	-0.00953565
1.41	-0.010587
1.43	-0.0118763
1.45	-0.0134886
1.47	-0.0155508
1.49	-0.0182581
1.51	-0.0219211
1.53	-0.027053
1.55	-0.0345423
1.57	-0.0460223
1.59	-0.064702
1.61	-0.0968119
1.63	-0.15067
1.65	-0.22673
1.67	-0.316425
1.69	-0.413473
1.71	-0.509517
1.73	-0.592479
1.75	-0.65531
1.77	-0.700782
1.79	-0.738061
1.81	-0.777958
1.83	-0.830538
1.85	-0.904367
1.87	-1.00611
1.89	-1.13989
1.91	-1.30573
1.93	-1.49571
1.95	-1.68696
1.97	-1.84087
1.99	-1.91449
2.01	-1.85727
2.03	-1.63966
2.05	-1.32335
2.07	-1.01168
2.09	-0.752377
2.11	-0.550103
2.13	-0.397103
2.15	-0.283749
2.17	-0.2011
2.19	-0.141596
2.21	-0.0991833
2.23	-0.0691939
2.25	-0.0481215
2.27	-0.033387
2.29	-0.023123
2.31	-0.0159938
2.33	-0.0110528
2.35	-0.0076341
2.37	-0.00527166
2.39	-0.00364068
2.41	-0.00251547
2.43	-0.00173961
2.45	-0.00120484
2.47	-0.000836352
2.49	-0.000582498
2.51	-0.000407642
2.53	-0.000287212
2.55	-0.000204271
2.57	-0.000147152
2.59	-0.000107814
2.61	-8.07218e-05
2.63	-6.20618e-05
2.65	-4.92085e-05
2.67	-4.03538e-05
2.69	-3.42529e-05
2.71	-3.00486e-05
2.73	-2.71507e-05
2.75	-2.5153e-05
2.77	-2.37757e-05
2.79	-2.28259e-05
2.81	-2.21711e-05
2.83	-2.17198e-05
2.85	-2.14092e-05
2.87	-2.11958e-05
2.89	-2.10497e-05
2.91	-2.09503e-05
2.93	-2.08835e-05
2.95	-2.08393e-05
2.97	-2.08112e-05
2.99	-2.07942e-05
3.01	-2.07854e-05
3.03	-2.07823e-05
3.05	-2.07834e-05
3.07	-2.07877e-05
3.09	-2.07944e-05
3.11	-2.0803e-05
3.13	-2.0813e-05
3.15	-2.08242e-05
3.17	-2.08365e-05
3.19	-2.08496e-05
3.21	-2.08636e-05
3.23	-2.08782e-05
3.25	-2.08934e-05
3.27	-2.09093e-05
3.29	-2.09257e-05
3.31	-2.09427e-05
3.33	-2.09601e-05
3.35	-2.0978e-05
3.37	-2.09963e-05
3.39	-2.10151e-05
3.41	-2.10343e-05
3.43	-2.10539e-05
3.45	-2.10739e-05
3.47	-2.10942e-05
3.49	-2.11149e-05
3.51	-2.1136e-05
3.53	-2.11573e-05
3.55	-2.1179e-05
3.57	-2.1201e-05
3.59	-2.12233e-05
3.61	-2.12459e-05
3.63	-2.12687e-05
3.65	-2.12918e-05
3.67	-2.13152e-05
3.69	-2.13388e-05
3.71	-2.13627e-05
3.73	-2.13868e-05
3.75	-2.14111e-05
3.77	-2.14356e-05
3.79	-2.14603e-05
3.81	-2.14853e-05
3.83	-2.15104e-05
3.85	-2.15357e-05
3.87	-2.15612e-05
3.89	-2.15869e-05
3.91	-2.16128e-05
3.93	-2.16388e-05
3.95	-2.1665e-05
3.97	-2.16914e-05
3.99	-2.17179e-05
4.01	-2.17446e-05
4.03	-2.17714e-05
4.05	-2.17983e-05
4.07	-2.18255e-05
4.09	-2.18527e-05
4.11	-2.18801e-05
4.13	-2.19076e-05
4.15	-2.19352e-05
4.17	-2.1963e-05
4.19	-2.19909e-05
4.21	-2.20189e-05
4.23	-2.20471e-05
4.25	-2.20753e-05
4.27	-2.21037e-05
4.29	-2.21322e-05
4.31	-2.21608e-05
4.33	-2.21895e-05
4.35	-2.22184e-05
4.37	-2.22473e-05
4.39	-2.22764e-05
4.41	-2.23056e-05
4.43	-2.23348e-05
4.45	-2.23642e-05
4.47	-2.23937e-05
4.49	-2.24233e-05
4.51	-2.2453e-05
4.53	-2.24828e-05
4.55	-2.25127e-05
4.57	-2.25427e-05
4.59	-2.25728e-05
4.61	-2.26031e-05
4.63	-2.26334e-05
4.65	-2.26638e-05
4.67	-2.26943e-05
4.69	-2.27249e-05
4.71	-2.27556e-05
4.73	-2.27864e-05
4.75	-2.28174e-05
4.77	-2.28484e-05
4.79	-2.28795e-05
4.81	-2.29107e-05
4.83	-2.2942e-05
4.85	-2.29734e-05
4.87	-2.30049e-05
4.89	-2.30365e-05
4.91	-2.30682e-05
4.93	-2.30999e-05
4.95	-2.31318e-05
4.97	-2.31638e-05
4.99	-2.31959e-05
5.01	-2.3228e-05
5.03	-2.32603e-05
5.05	-2.32926e-05
5.07	-2.33251e-05
5.09	-2.33576e-05
5.11	-2.33902e-05
5.13	-2.3423e-05
5.15	-2.34558e-05
5.17	-2.34887e-05
5.19	-2.35217e-05
5.21	-2.35548e-05
5.23	-2.3588e-05
5.25	-2.36212e-05
5.27	-2.36546e-05
5.29	-2.3688e-05
5.31	-2.37216e-05
5.33	-2.37552e-05
5.35	-2.37889e-05
5.37	-2.38227e-05
5.39	-2.38566e-05
5.41	-2.38906e-05
5.43	-2.39247e-05
5.45	-2.39588e-05
5.47	-2.39931e-05
5.49	-2.40274e-05
5.51	-2.40618e-05
5.53	-2.40963e-05
5.55	-2.41309e-05
5.57	-2.41656e-05
5.59	-2.42003e-05
5.61	-2.42352e-05
5.63	-2.42701e-05
5.65	-2.43051e-05
5.67	-2.43402e-05
5.69	-2.43754e-05
5.71	-2.44106e-05
5.73	-2.4446e-05
5.75	-2.44814e-05
5.77	-2.45169e-05
5.79	-2.45524e-05
5.81	-2.45881e-05
5.83	-2.46238e-05
5.85	-2.46596e-05
5.87	-2.46955e-05
5.89	-2.47315e-05
5.91	-2.47676e-05
5.93	-2.48037e-05
5.95	-2.48399e-05
5.97	-2.48762e-05
5.99	-2.49125e-05
6.01	-2.49489e-05
6.03	-2.49855e-05
6.05	-2.5022e-05
6.07	-2.50587e-05
6.09	-2.50954e-05
6.11	-2.51322e-05
6.13	-2.51691e-05
6.15	-2.52061e-05
6.17	-2.52431e-05
6.19	-2.52802e-05
6.21	-2.53173e-05
6.23	-2.53546e-05
6.25	-2.53919e-05
6.27	-2.54293e-05
6.29	-2.54667e-05
6.31	-2.55042e-05
6.33	-2.55418e-05
6.35	-2.55795e-05
6.37	-2.56172e-05
6.39	-2.5655e-05
6.41	-2.56929e-05
6.43	-2.57308e-05
6.45	-2.57688e-05
6.47	-2.58069e-05
6.49	-2.5845e-05
6.51	-2.58832e-05
6.53	-2.59215e-05
6.55	-2.59598e-05
6.57	-2.59982e-05
6.59	-2.60367e-05
6.61	-2.60752e-05
6.63	-2.61138e-05
6.65	-2.61525e-05
6.67	-2.61912e-05
6.69	-2.623e-05
6.71	-2.62688e-05
6.73	-2.63077e-05
6.75	-2.63467e-05
6.77	-2.63858e-05
6.79	-2.64249e-05
6.81	-2.6464e-05
6.83	-2.65033e-05
6.85	-2.65425e-05
6.87	-2.65819e-05
6.89	-2.66213e-05
6.91	-2.66608e-05
6.93	-2.67003e-05
6.95	-2.67399e-05
6.97	-2.67796e-05
6.99	-2.68193e-05
7.01	-2.6859e-05
7.03	-2.68989e-05
7.05	-2.69388e-05
7.07	-2.69787e-05
7.09	-2.70187e-05
7.11	-2.70588e-05
7.13	-2.70989e-05
7.15	-2.71391e-05
7.17	-2.71793e-05
7.19	-2.72196e-05
7.21	-2.726e-05
7.23	-2.73004e-05
7.25	-2.73409e-05
7.27	-2.73814e-05
7.29	-2.7422e-05
7.31	-2.74626e-05
7.33	-2.75033e-05
7.35	-2.75441e-05
7.37	-2.75849e-05
7.39	-2.76258e-05
7.41	-2.76667e-05
7.43	-2.77076e-05
7.45	-2.77487e-05
7.47	-2.77898e-05
7.49	-2.78309e-05
7.51	-2.78721e-05
7.53	-2.79134e-05
7.55	-2.79547e-05
7.57	-2.7996e-05
7.59	-2.80374e-05
7.61	-2.80789e-05
7.63	-2.81204e-05
7.65	-2.8162e-05
7.67	-2.82036e-05
7.69	-2.82453e-05
7.71	-2.8287e-05
7.73	-2.83288e-05
7.75	-2.83707e-05
7.77	-2.84126e-05
7.79	-2.84545e-05
7.81	-2.84965e-05
7.83	-2.85386e-05
7.85	-2.85807e-05
7.87	-2.86228e-05
7.89	-2.8665e-05
7.91	-2.87073e-05
7.93	-2.87496e-05
7.95	-2.8792e-05
7.97	-2.88344e-05
7.99	-2.88769e-05
8.01	-2.89194e-05
8.03	-2.8962e-05
8.05	-2.90046e-05
8.07	-2.90473e-05
8.09	-2.909e-05
8.11	-2.91328e-05
8.13	-2.91756e-05
8.15	-2.92185e-05
8.17	-2.92614e-05
8.19	-2.93044e-05
8.21	-2.93475e-05
8.23	-2.93905e-05
8.25	-2.94337e-05
8.27	-2.94769e-05
8.29	-2.95201e-05
8.31	-2.95634e-05
8.33	-2.96067e-05
8.35	-2.96501e-05
8.37	-2.96936e-05
8.39	-2.97371e-05
8.41	-2.97806e-05
8.43	-2.98242e-05
8.45	-2.98678e-05
8.47	-2.99115e-05
8.49	-2.99553e-05
8.51	-2.9999e-05
8.53	-3.00429e-05
8.55	-3.00868e-05
8.57	-3.01307e-05
8.59	-3.01747e-05
8.61	-3.02187e-05
8.63	-3.02628e-05
8.65	-3.0307e-05
8.67	-3.03512e-05
8.69	-3.03954e-05
8.71	-3.04397e-05
8.73	-3.0484e-05
8.75	-3.05284e-05
8.77	-3.05728e-05
8.79	-3.06173e-05
8.81	-3.06619e-05
8.83	-3.07064e-05
8.85	-3.07511e-05
8.87	-3.07958e-05
8.89	-3.08405e-05
8.91	-3.08853e-05
8.93	-3.09301e-05
8.95	-3.0975e-05
8.97	-3.10199e-05
8.99	-3.10649e-05
9.01	-3.11099e-05
9.03	-3.1155e-05
9.05	-3.12001e-05
9.07	-3.12453e-05
9.09	-3.12905e-05
9.11	-3.13358e-05
9.13	-3.13811e-05
9.15	-3.14265e-05
9.17	-3.14719e-05
9.19	-3.15174e-05
9.21	-3.15629e-05
9.23	-3.16084e-05
9.25	-3.16541e-05
9.27	-3.16997e-05
9.29	-3.17454e-05
9.31	-3.17912e-05
9.33	-3.1837e-05
9.35	-3.18829e-05
9.37	-3.19288e-05
9.39	-3.19747e-05
9.41	-3.20207e-05
9.43	-3.20668e-05
9.45	-3.21129e-05
9.47	-3.21591e-05
9.49	-3.22053e-05
9.51	-3.22515e-05
9.53	-3.22978e-05
9.55	-3.23442e-05
9.57	-3.23906e-05
9.59	-3.2437e-05
9.61	-3.24835e-05
9.63	-3.253e-05
9.65	-3.25766e-05
9.67	-3.26233e-05
9.69	-3.267e-05
9.71	-3.27167e-05
9.73	-3.27635e-05
9.75	-3.28104e-05
9.77	-3.28572e-05
9.79	-3.29042e-05
9.81	-3.29512e-05
9.83	-3.29982e-05
9.85	-3.30453e-05
9.87	-3.30924e-05
9.89	-3.31396e-05
9.91	-3.31868e-05
9.93	-3.32341e-05
9.95	-3.32815e-05
9.97	-3.33288e-05
9.99	-3.33763e-05
