label:AIS.v( 1 )
500
0.03	-59.9129
0.05	-59.8266
0.07	-59.7406
0.09	-59.6545
0.11	-59.5679
0.13	-59.4805
0.15	-59.3922
0.17	-59.3028
0.19	-59.2122
0.21	-59.1205
0.23	-59.0275
0.25	-58.9332
0.27	-58.8376
0.29	-58.7406
0.31	-58.6421
0.33	-58.5422
0.35	-58.4408
0.37	-58.3378
0.39	-58.2332
0.41	-58.127
0.43	-58.0191
0.45	-57.9095
0.47	-57.798
0.49	-57.6847
0.51	-57.5695
0.53	-57.4523
0.55	-57.333
0.57	-57.2117
0.59	-57.0881
0.61	-56.9622
0.63	-56.834
0.65	-56.7033
0.67	-56.57
0.69	-56.434
0.71	-56.2952
0.73	-56.1534
0.75	-56.0086
0.77	-55.8605
0.79	-55.709
0.81	-55.5539
0.83	-55.3949
0.85	-55.232
0.87	-55.0648
0.89	-54.893
0.91	-54.7163
0.93	-54.5345
0.95	-54.3471
0.97	-54.1537
0.99	-53.9539
1.01	-53.7471
1.03	-53.5327
1.05	-53.31
1.07	-53.0783
1.09	-52.8366
1.11	-52.584
1.13	-52.3192
1.15	-52.0409
1.17	-51.7473
1.19	-51.4366
1.21	-51.1063
1.23	-50.7538
1.25	-50.3755
1.27	-49.9672
1.29	-49.5238
1.31	-49.0386
1.33	-48.5032
1.35	-47.9067
1.37	-47.2346
1.39	-46.4676
1.41	-45.5795
1.43	-44.5337
1.45	-43.2789
1.47	-41.7427
1.49	-39.8247
1.51	-37.3934
1.53	-34.3046
1.55	-30.4697
1.57	-25.9791
1.59	-21.1683
1.61	-16.4788
1.63	-12.2347
1.65	-8.58234
1.67	-5.58577
1.69	-3.33526
1.71	-2.00438
1.73	-1.84282
1.75	-3.10382
1.77	-5.92861
1.79	-10.2494
1.81	-15.7741
1.83	-22.0616
1.85	-28.645
1.87	-35.143
1.89	-41.3131
1.91	-47.0472
1.93	-52.2738
1.95	-56.8864
1.97	-60.8129
1.99	-64.0631
2.01	-66.7044
2.03	-68.8238
2.05	-70.507
2.07	-71.8321
2.09	-72.8677
2.11	-73.6724
2.13	-74.2954
2.15	-74.7765
2.17	-75.1476
2.19	-75.4337
2.21	-75.6544
2.23	-75.8249
2.25	-75.9566
2.27	-76.0584
2.29	-76.137
2.31	-76.1977
2.33	-76.2442
2.35	-76.2797
2.37	-76.3063
2.39	-76.3259
2.41	-76.3397
2.43	-76.3489
2.45	-76.3541
2.47	-76.3562
2.49	-76.3555
2.51	-76.3525
2.53	-76.3475
2.55	-76.3408
2.57	-76.3326
2.59	-76.323
2.61	-76.3122
2.63	-76.3004
2.65	-76.2876
2.67	-76.274
2.69	-76.2597
2.71	-76.2447
2.73	-76.2291
2.75	-76.213
2.77	-76.1964
2.79	-76.1794
2.81	-76.1621
2.83	-76.1445
2.85	-76.1266
2.87	-76.1086
2.89	-76.0903
2.91	-76.0719
2.93	-76.0535
2.95	-76.0349
2.97	-76.0163
2.99	-75.9977
3.01	-75.9791
3.03	-75.9605
3.05	-75.942
3.07	-75.9236
3.09	-75.9052
3.11	-75.887
3.13	-75.8688
3.15	-75.8508
3.17	-75.833
3.19	-75.8152
3.21	-75.7977
3.23	-75.7802
3.25	-75.763
3.27	-75.7459
3.29	-75.729
3.31	-75.7123
3.33	-75.6958
3.35	-75.6795
3.37	-75.6633
3.39	-75.6474
3.41	-75.6316
3.43	-75.6161
3.45	-75.6007
3.47	-75.5855
3.49	-75.5705
3.51	-75.5558
3.53	-75.5412
3.55	-75.5268
3.57	-75.5125
3.59	-75.4985
3.61	-75.4847
3.63	-75.471
3.65	-75.4575
3.67	-75.4442
3.69	-75.4311
3.71	-75.4181
3.73	-75.4053
3.75	-75.3927
3.77	-75.3803
3.79	-75.368
3.81	-75.3559
3.83	-75.3439
3.85	-75.3321
3.87	-75.3204
3.89	-75.3089
3.91	-75.2975
3.93	-75.2862
3.95	-75.2751
3.97	-75.2642
3.99	-75.2533
4.01	-75.2426
4.03	-75.232
4.05	-75.2215
4.07	-75.2112
4.09	-75.2009
4.11	-75.1908
4.13	-75.1808
4.15	-75.1709
4.17	-75.1611
4.19	-75.1514
4.21	-75.1417
4.23	-75.1322
4.25	-75.1228
4.27	-75.1135
4.29	-75.1042
4.31	-75.0951
4.33	-75.086
4.35	-75.077
4.37	-75.068
4.39	-75.0592
4.41	-75.0504
4.43	-75.0417
4.45	-75.0331
4.47	-75.0245
4.49	-75.016
4.51	-75.0075
4.53	-74.9991
4.55	-74.9908
4.57	-74.9825
4.59	-74.9743
4.61	-74.9662
4.63	-74.958
4.65	-74.95
4.67	-74.942
4.69	-74.934
4.71	-74.9261
4.73	-74.9182
4.75	-74.9104
4.77	-74.9026
4.79	-74.8948
4.81	-74.8871
4.83	-74.8794
4.85	-74.8718
4.87	-74.8642
4.89	-74.8566
4.91	-74.849
4.93	-74.8415
4.95	-74.8341
4.97	-74.8266
4.99	-74.8192
5.01	-74.8118
5.03	-74.8044
5.05	-74.7971
5.07	-74.7898
5.09	-74.7825
5.11	-74.7752
5.13	-74.768
5.15	-74.7608
5.17	-74.7536
5.19	-74.7464
5.21	-74.7392
5.23	-74.7321
5.25	-74.725
5.27	-74.7179
5.29	-74.7108
5.31	-74.7038
5.33	-74.6967
5.35	-74.6897
5.37	-74.6827
5.39	-74.6757
5.41	-74.6687
5.43	-74.6617
5.45	-74.6548
5.47	-74.6478
5.49	-74.6409
5.51	-74.634
5.53	-74.6271
5.55	-74.6202
5.57	-74.6133
5.59	-74.6064
5.61	-74.5996
5.63	-74.5927
5.65	-74.5859
5.67	-74.5791
5.69	-74.5723
5.71	-74.5655
5.73	-74.5587
5.75	-74.5519
5.77	-74.5451
5.79	-74.5383
5.81	-74.5316
5.83	-74.5248
5.85	-74.5181
5.87	-74.5113
5.89	-74.5046
5.91	-74.4979
5.93	-74.4912
5.95	-74.4845
5.97	-74.4778
5.99	-74.4711
6.01	-74.4644
6.03	-74.4577
6.05	-74.451
6.07	-74.4444
6.09	-74.4377
6.11	-74.431
6.13	-74.4244
6.15	-74.4177
6.17	-74.4111
6.19	-74.4045
6.21	-74.3978
6.23	-74.3912
6.25	-74.3846
6.27	-74.378
6.29	-74.3714
6.31	-74.3647
6.33	-74.3581
6.35	-74.3515
6.37	-74.345
6.39	-74.3384
6.41	-74.3318
6.43	-74.3252
6.45	-74.3186
6.47	-74.312
6.49	-74.3055
6.51	-74.2989
6.53	-74.2923
6.55	-74.2858
6.57	-74.2792
6.59	-74.2727
6.61	-74.2661
6.63	-74.2596
6.65	-74.253
6.67	-74.2465
6.69	-74.24
6.71	-74.2334
6.73	-74.2269
6.75	-74.2204
6.77	-74.2139
6.79	-74.2073
6.81	-74.2008
6.83	-74.1943
6.85	-74.1878
6.87	-74.1813
6.89	-74.1748
6.91	-74.1683
6.93	-74.1618
6.95	-74.1553
6.97	-74.1488
6.99	-74.1423
7.01	-74.1358
7.03	-74.1293
7.05	-74.1228
7.07	-74.1163
7.09	-74.1098
7.11	-74.1034
7.13	-74.0969
7.15	-74.0904
7.17	-74.0839
7.19	-74.0775
7.21	-74.071
7.23	-74.0645
7.25	-74.0581
7.27	-74.0516
7.29	-74.0451
7.31	-74.0387
7.33	-74.0322
7.35	-74.0257
7.37	-74.0193
7.39	-74.0128
7.41	-74.0064
7.43	-73.9999
7.45	-73.9935
7.47	-73.9871
7.49	-73.9806
7.51	-73.9742
7.53	-73.9677
7.55	-73.9613
7.57	-73.9549
7.59	-73.9484
7.61	-73.942
7.63	-73.9356
7.65	-73.9291
7.67	-73.9227
7.69	-73.9163
7.71	-73.9099
7.73	-73.9034
7.75	-73.897
7.77	-73.8906
7.79	-73.8842
7.81	-73.8778
7.83	-73.8713
7.85	-73.8649
7.87	-73.8585
7.89	-73.8521
7.91	-73.8457
7.93	-73.8393
7.95	-73.8329
7.97	-73.8265
7.99	-73.8201
8.01	-73.8137
8.03	-73.8073
8.05	-73.8009
8.07	-73.7945
8.09	-73.7881
8.11	-73.7817
8.13	-73.7753
8.15	-73.7689
8.17	-73.7625
8.19	-73.7561
8.21	-73.7497
8.23	-73.7433
8.25	-73.7369
8.27	-73.7305
8.29	-73.7242
8.31	-73.7178
8.33	-73.7114
8.35	-73.705
8.37	-73.6986
8.39	-73.6922
8.41	-73.6859
8.43	-73.6795
8.45	-73.6731
8.47	-73.6667
8.49	-73.6603
8.51	-73.654
8.53	-73.6476
8.55	-73.6412
8.57	-73.6348
8.59	-73.6285
8.61	-73.6221
8.63	-73.6157
8.65	-73.6094
8.67	-73.603
8.69	-73.5966
8.71	-73.5903
8.73	-73.5839
8.75	-73.5775
8.77	-73.5712
8.79	-73.5648
8.81	-73.5585
8.83	-73.5521
8.85	-73.5457
8.87	-73.5394
8.89	-73.533
8.91	-73.5267
8.93	-73.5203
8.95	-73.5139
8.97	-73.5076
8.99	-73.5012
9.01	-73.4949
9.03	-73.4885
9.05	-73.4822
9.07	-73.4758
9.09	-73.4695
9.11	-73.4631
9.13	-73.4568
9.15	-73.4504
9.17	-73.4441
9.19	-73.4377
9.21	-73.4314
9.23	-73.425
9.25	-73.4187
9.27	-73.4123
9.29	-73.406
9.31	-73.3996
9.33	-73.3933
9.35	-73.3869
9.37	-73.3806
9.39	-73.3742
9.41	-73.3679
9.43	-73.3616
9.45	-73.3552
9.47	-73.3489
9.49	-73.3425
9.51	-73.3362
9.53	-73.3298
9.55	-73.3235
9.57	-73.3172
9.59	-73.3108
9.61	-73.3045
9.63	-73.2981
9.65	-73.2918
9.67	-73.2855
9.69	-73.2791
9.71	-73.2728
9.73	-73.2664
9.75	-73.2601
9.77	-73.2538
9.79	-73.2474
9.81	-73.2411
9.83	-73.2347
9.85	-73.2284
9.87	-73.2221
9.89	-73.2157
9.91	-73.2094
9.93	-73.2031
9.95	-73.1967
9.97	-73.1904
9.99	-73.1841
10.01	-73.1777
