label:AIS.ik_mslo( 0.5 )
500
0.01	0.0117716
0.03	0.0118542
0.05	0.011949
0.07	0.0120482
0.09	0.0121479
0.11	0.0122463
0.13	0.0123427
0.15	0.0124372
0.17	0.0125301
0.19	0.0126218
0.21	0.0127129
0.23	0.012804
0.25	0.0128955
0.27	0.0129881
0.29	0.0130822
0.31	0.0131782
0.33	0.0132765
0.35	0.0133774
0.37	0.0134813
0.39	0.0135885
0.41	0.0136991
0.43	0.0138135
0.45	0.0139319
0.47	0.0140545
0.49	0.0141815
0.51	0.0143131
0.53	0.0144495
0.55	0.014591
0.57	0.0147377
0.59	0.0148898
0.61	0.0150476
0.63	0.0152113
0.65	0.0153812
0.67	0.0155574
0.69	0.0157404
0.71	0.0159304
0.73	0.0161277
0.75	0.0163327
0.77	0.0165458
0.79	0.0167674
0.81	0.0169979
0.83	0.0172379
0.85	0.0174878
0.87	0.0177484
0.89	0.0180202
0.91	0.0183041
0.93	0.0186007
0.95	0.0189111
0.97	0.0192362
0.99	0.0195773
1.01	0.0199354
1.03	0.0203122
1.05	0.0207092
1.07	0.0211283
1.09	0.0215716
1.11	0.0220416
1.13	0.0225409
1.15	0.0230729
1.17	0.0236414
1.19	0.0242506
1.21	0.024906
1.23	0.0256137
1.25	0.0263812
1.27	0.0272176
1.29	0.028134
1.31	0.0291443
1.33	0.0302657
1.35	0.0315203
1.37	0.0329365
1.39	0.0345516
1.41	0.0364156
1.43	0.0385969
1.45	0.0411911
1.47	0.0443363
1.49	0.0482365
1.51	0.0532041
1.53	0.0597323
1.55	0.0686226
1.57	0.0812009
1.59	0.0996454
1.61	0.127362
1.63	0.169222
1.65	0.231772
1.67	0.324719
1.69	0.466197
1.71	0.693861
1.73	1.07951
1.75	1.73591
1.77	2.79854
1.79	4.37461
1.81	6.47386
1.83	8.9591
1.85	11.5566
1.87	13.9291
1.89	15.7634
1.91	16.8145
1.93	16.9205
1.95	16.0358
1.97	14.2833
1.99	12.0169
2.01	9.66088
2.03	7.50838
2.05	5.69345
2.07	4.24427
2.09	3.13222
2.11	2.30373
2.13	1.69963
2.15	1.26573
2.17	0.957073
2.19	0.738571
2.21	0.583963
2.23	0.474135
2.25	0.395465
2.27	0.338384
2.29	0.296247
2.31	0.264469
2.33	0.239903
2.35	0.220396
2.37	0.204471
2.39	0.191118
2.41	0.179639
2.43	0.169554
2.45	0.160527
2.47	0.152323
2.49	0.144774
2.51	0.13776
2.53	0.131194
2.55	0.125011
2.57	0.119162
2.59	0.11361
2.61	0.108325
2.63	0.103286
2.65	0.0984719
2.67	0.0938686
2.69	0.0894628
2.71	0.0852434
2.73	0.081201
2.75	0.0773272
2.77	0.0736146
2.79	0.0700565
2.81	0.0666469
2.83	0.0633804
2.85	0.0602517
2.87	0.0572562
2.89	0.0543892
2.91	0.0516465
2.93	0.0490239
2.95	0.0465176
2.97	0.0441236
2.99	0.0418382
3.01	0.0396577
3.03	0.0375785
3.05	0.0355971
3.07	0.0337098
3.09	0.0319134
3.11	0.0302043
3.13	0.0285792
3.15	0.0270348
3.17	0.0255679
3.19	0.0241752
3.21	0.0228536
3.23	0.0216
3.25	0.0204115
3.27	0.0192851
3.29	0.018218
3.31	0.0172074
3.33	0.0162507
3.35	0.0153453
3.37	0.0144887
3.39	0.0136785
3.41	0.0129124
3.43	0.0121883
3.45	0.0115039
3.47	0.0108573
3.49	0.0102466
3.51	0.00966979
3.53	0.00912524
3.55	0.00861122
3.57	0.00812614
3.59	0.00766847
3.61	0.00723676
3.63	0.00682963
3.65	0.00644577
3.67	0.00608392
3.69	0.00574292
3.71	0.00542162
3.73	0.00511898
3.75	0.00483396
3.77	0.00456562
3.79	0.00431304
3.81	0.00407535
3.83	0.00385174
3.85	0.00364142
3.87	0.00344366
3.89	0.00325776
3.91	0.00308305
3.93	0.0029189
3.95	0.00276471
3.97	0.00261993
3.99	0.00248402
4.01	0.00235646
4.03	0.00223679
4.05	0.00212454
4.07	0.00201928
4.09	0.00192061
4.11	0.00182814
4.13	0.00174152
4.15	0.00166038
4.17	0.00158441
4.19	0.00151331
4.21	0.00144677
4.23	0.00138453
4.25	0.00132633
4.27	0.00127192
4.29	0.00122108
4.31	0.00117358
4.33	0.00112923
4.35	0.00108782
4.37	0.00104918
4.39	0.00101313
4.41	0.000979525
4.43	0.0009482
4.45	0.000919017
4.47	0.000891841
4.49	0.000866548
4.51	0.000843017
4.53	0.000821139
4.55	0.000800809
4.57	0.000781928
4.59	0.000764406
4.61	0.000748154
4.63	0.000733093
4.65	0.000719146
4.67	0.000706243
4.69	0.000694315
4.71	0.0006833
4.73	0.000673141
4.75	0.000663781
4.77	0.000655169
4.79	0.000647257
4.81	0.00064
4.83	0.000633355
4.85	0.000627283
4.87	0.000621747
4.89	0.000616712
4.91	0.000612147
4.93	0.00060802
4.95	0.000604304
4.97	0.000600971
4.99	0.000597997
5.01	0.000595357
5.03	0.000593031
5.05	0.000590998
5.07	0.000589239
5.09	0.000587735
5.11	0.000586471
5.13	0.000585431
5.15	0.000584601
5.17	0.000583966
5.19	0.000583514
5.21	0.000583234
5.23	0.000583113
5.25	0.000583143
5.27	0.000583312
5.29	0.000583613
5.31	0.000584037
5.33	0.000584575
5.35	0.000585221
5.37	0.000585967
5.39	0.000586808
5.41	0.000587736
5.43	0.000588747
5.45	0.000589836
5.47	0.000590996
5.49	0.000592225
5.51	0.000593516
5.53	0.000594868
5.55	0.000596275
5.57	0.000597734
5.59	0.000599242
5.61	0.000600795
5.63	0.000602392
5.65	0.000604029
5.67	0.000605704
5.69	0.000607414
5.71	0.000609158
5.73	0.000610932
5.75	0.000612736
5.77	0.000614567
5.79	0.000616424
5.81	0.000618306
5.83	0.000620209
5.85	0.000622135
5.87	0.00062408
5.89	0.000626044
5.91	0.000628025
5.93	0.000630023
5.95	0.000632037
5.97	0.000634065
5.99	0.000636107
6.01	0.000638163
6.03	0.00064023
6.05	0.000642308
6.07	0.000644398
6.09	0.000646497
6.11	0.000648606
6.13	0.000650724
6.15	0.000652851
6.17	0.000654985
6.19	0.000657127
6.21	0.000659276
6.23	0.000661431
6.25	0.000663593
6.27	0.00066576
6.29	0.000667933
6.31	0.000670112
6.33	0.000672295
6.35	0.000674483
6.37	0.000676675
6.39	0.000678871
6.41	0.000681071
6.43	0.000683275
6.45	0.000685482
6.47	0.000687692
6.49	0.000689906
6.51	0.000692122
6.53	0.000694341
6.55	0.000696563
6.57	0.000698787
6.59	0.000701013
6.61	0.000703241
6.63	0.000705472
6.65	0.000707704
6.67	0.000709938
6.69	0.000712174
6.71	0.000714411
6.73	0.00071665
6.75	0.00071889
6.77	0.000721132
6.79	0.000723374
6.81	0.000725618
6.83	0.000727863
6.85	0.000730109
6.87	0.000732356
6.89	0.000734604
6.91	0.000736853
6.93	0.000739103
6.95	0.000741353
6.97	0.000743604
6.99	0.000745856
7.01	0.000748109
7.03	0.000750362
7.05	0.000752615
7.07	0.000754869
7.09	0.000757124
7.11	0.000759379
7.13	0.000761634
7.15	0.00076389
7.17	0.000766147
7.19	0.000768403
7.21	0.00077066
7.23	0.000772917
7.25	0.000775175
7.27	0.000777432
7.29	0.00077969
7.31	0.000781949
7.33	0.000784207
7.35	0.000786466
7.37	0.000788725
7.39	0.000790983
7.41	0.000793243
7.43	0.000795502
7.45	0.000797761
7.47	0.000800021
7.49	0.00080228
7.51	0.00080454
7.53	0.0008068
7.55	0.00080906
7.57	0.00081132
7.59	0.00081358
7.61	0.00081584
7.63	0.0008181
7.65	0.00082036
7.67	0.00082262
7.69	0.00082488
7.71	0.000827141
7.73	0.000829401
7.75	0.000831661
7.77	0.000833921
7.79	0.000836182
7.81	0.000838442
7.83	0.000840702
7.85	0.000842963
7.87	0.000845223
7.89	0.000847483
7.91	0.000849744
7.93	0.000852004
7.95	0.000854264
7.97	0.000856524
7.99	0.000858785
8.01	0.000861045
8.03	0.000863305
8.05	0.000865565
8.07	0.000867825
8.09	0.000870086
8.11	0.000872346
8.13	0.000874606
8.15	0.000876866
8.17	0.000879126
8.19	0.000881386
8.21	0.000883646
8.23	0.000885906
8.25	0.000888166
8.27	0.000890426
8.29	0.000892686
8.31	0.000894946
8.33	0.000897206
8.35	0.000899466
8.37	0.000901726
8.39	0.000903986
8.41	0.000906246
8.43	0.000908506
8.45	0.000910766
8.47	0.000913025
8.49	0.000915285
8.51	0.000917545
8.53	0.000919805
8.55	0.000922065
8.57	0.000924325
8.59	0.000926584
8.61	0.000928844
8.63	0.000931104
8.65	0.000933364
8.67	0.000935624
8.69	0.000937884
8.71	0.000940144
8.73	0.000942403
8.75	0.000944663
8.77	0.000946923
8.79	0.000949183
8.81	0.000951443
8.83	0.000953703
8.85	0.000955963
8.87	0.000958223
8.89	0.000960483
8.91	0.000962743
8.93	0.000965003
8.95	0.000967264
8.97	0.000969524
8.99	0.000971784
9.01	0.000974044
9.03	0.000976305
9.05	0.000978565
9.07	0.000980825
9.09	0.000983086
9.11	0.000985346
9.13	0.000987607
9.15	0.000989867
9.17	0.000992128
9.19	0.000994389
9.21	0.00099665
9.23	0.000998911
9.25	0.00100117
9.27	0.00100343
9.29	0.00100569
9.31	0.00100795
9.33	0.00101022
9.35	0.00101248
9.37	0.00101474
9.39	0.001017
9.41	0.00101926
9.43	0.00102152
9.45	0.00102379
9.47	0.00102605
9.49	0.00102831
9.51	0.00103057
9.53	0.00103283
9.55	0.0010351
9.57	0.00103736
9.59	0.00103962
9.61	0.00104188
9.63	0.00104415
9.65	0.00104641
9.67	0.00104867
9.69	0.00105094
9.71	0.0010532
9.73	0.00105546
9.75	0.00105773
9.77	0.00105999
9.79	0.00106225
9.81	0.00106452
9.83	0.00106678
9.85	0.00106905
9.87	0.00107131
9.89	0.00107357
9.91	0.00107584
9.93	0.0010781
9.95	0.00108037
9.97	0.00108263
9.99	0.0010849
