label:AIS.m_newCaP( 0.5 )
500
0.02	0.000229061
0.04	0.000231682
0.06	0.000235077
0.08	0.000239043
0.1	0.000243448
0.12	0.000248208
0.14	0.00025327
0.16	0.000258603
0.18	0.000264189
0.2	0.000270018
0.22	0.000276091
0.24	0.000282409
0.26	0.000288979
0.28	0.000295809
0.3	0.000302911
0.32	0.000310298
0.34	0.000317982
0.36	0.000325981
0.38	0.000334311
0.4	0.000342989
0.42	0.000352037
0.44	0.000361476
0.46	0.000371329
0.48	0.00038162
0.5	0.000392378
0.52	0.000403631
0.54	0.000415412
0.56	0.000427754
0.58	0.000440696
0.6	0.000454279
0.62	0.000468547
0.64	0.00048355
0.66	0.000499342
0.68	0.000515981
0.7	0.000533533
0.72	0.000552071
0.74	0.000571673
0.76	0.000592429
0.78	0.000614437
0.8	0.000637809
0.82	0.000662668
0.84	0.000689154
0.86	0.000717423
0.88	0.000747656
0.9	0.000780055
0.92	0.000814852
0.94	0.000852316
0.96	0.000892754
0.98	0.000936525
1	0.000984047
1.02	0.00103581
1.04	0.0010924
1.06	0.0011545
1.08	0.00122294
1.1	0.00129874
1.12	0.0013831
1.14	0.00147755
1.16	0.00158397
1.18	0.00170472
1.2	0.00184285
1.22	0.00200227
1.24	0.00218815
1.26	0.00240741
1.28	0.00266951
1.3	0.00298762
1.32	0.0033806
1.34	0.00387617
1.36	0.00451637
1.38	0.00536719
1.4	0.00653644
1.42	0.00820852
1.44	0.0107164
1.46	0.0147036
1.48	0.0215186
1.5	0.0341783
1.52	0.0589012
1.54	0.103625
1.56	0.172315
1.58	0.266359
1.6	0.380128
1.62	0.493561
1.64	0.583971
1.66	0.640504
1.68	0.666133
1.7	0.662311
1.72	0.623776
1.74	0.549253
1.76	0.439786
1.78	0.321573
1.8	0.224983
1.82	0.155445
1.84	0.107091
1.86	0.0737282
1.88	0.0507494
1.9	0.0349303
1.92	0.0240419
1.94	0.0165477
1.96	0.0113899
1.98	0.00784007
2	0.00539698
2.02	0.00371558
2.04	0.0025584
2.06	0.001762
2.08	0.00121389
2.1	0.000836662
2.12	0.000577042
2.14	0.000398362
2.16	0.000275386
2.18	0.000190748
2.2	0.000132494
2.22	9.23996e-05
2.24	6.48026e-05
2.26	4.5807e-05
2.28	3.27313e-05
2.3	2.37299e-05
2.32	1.75327e-05
2.34	1.32657e-05
2.36	1.03271e-05
2.38	8.30287e-06
2.4	6.90806e-06
2.42	5.94652e-06
2.44	5.28325e-06
2.46	4.82533e-06
2.48	4.50883e-06
2.5	4.28972e-06
2.52	4.13771e-06
2.54	4.03194e-06
2.56	3.95807e-06
2.58	3.9062e-06
2.6	3.86955e-06
2.62	3.84342e-06
2.64	3.82459e-06
2.66	3.81086e-06
2.68	3.80068e-06
2.7	3.793e-06
2.72	3.78711e-06
2.74	3.7825e-06
2.76	3.77884e-06
2.78	3.77589e-06
2.8	3.77349e-06
2.82	3.77152e-06
2.84	3.76992e-06
2.86	3.76864e-06
2.88	3.76765e-06
2.9	3.76691e-06
2.92	3.76644e-06
2.94	3.76621e-06
2.96	3.76623e-06
2.98	3.76649e-06
3	3.76701e-06
3.02	3.76778e-06
3.04	3.7688e-06
3.06	3.77009e-06
3.08	3.77165e-06
3.1	3.77348e-06
3.12	3.77557e-06
3.14	3.77795e-06
3.16	3.7806e-06
3.18	3.78352e-06
3.2	3.78671e-06
3.22	3.79017e-06
3.24	3.7939e-06
3.26	3.79789e-06
3.28	3.80213e-06
3.3	3.80661e-06
3.32	3.81133e-06
3.34	3.81628e-06
3.36	3.82145e-06
3.38	3.82683e-06
3.4	3.83241e-06
3.42	3.83818e-06
3.44	3.84413e-06
3.46	3.85025e-06
3.48	3.85654e-06
3.5	3.86298e-06
3.52	3.86956e-06
3.54	3.87628e-06
3.56	3.88312e-06
3.58	3.89009e-06
3.6	3.89717e-06
3.62	3.90435e-06
3.64	3.91164e-06
3.66	3.91901e-06
3.68	3.92647e-06
3.7	3.93402e-06
3.72	3.94164e-06
3.74	3.94933e-06
3.76	3.95708e-06
3.78	3.9649e-06
3.8	3.97278e-06
3.82	3.98071e-06
3.84	3.98869e-06
3.86	3.99672e-06
3.88	4.00479e-06
3.9	4.01291e-06
3.92	4.02106e-06
3.94	4.02924e-06
3.96	4.03745e-06
3.98	4.0457e-06
4	4.05397e-06
4.02	4.06226e-06
4.04	4.07058e-06
4.06	4.07892e-06
4.08	4.08727e-06
4.1	4.09564e-06
4.12	4.10403e-06
4.14	4.11243e-06
4.16	4.12084e-06
4.18	4.12926e-06
4.2	4.13768e-06
4.22	4.14612e-06
4.24	4.15456e-06
4.26	4.163e-06
4.28	4.17145e-06
4.3	4.1799e-06
4.32	4.18835e-06
4.34	4.19681e-06
4.36	4.20526e-06
4.38	4.21371e-06
4.4	4.22217e-06
4.42	4.23062e-06
4.44	4.23907e-06
4.46	4.24751e-06
4.48	4.25595e-06
4.5	4.2644e-06
4.52	4.27283e-06
4.54	4.28127e-06
4.56	4.2897e-06
4.58	4.29812e-06
4.6	4.30654e-06
4.62	4.31496e-06
4.64	4.32337e-06
4.66	4.33178e-06
4.68	4.34019e-06
4.7	4.34859e-06
4.72	4.35699e-06
4.74	4.36538e-06
4.76	4.37377e-06
4.78	4.38215e-06
4.8	4.39054e-06
4.82	4.39892e-06
4.84	4.40729e-06
4.86	4.41566e-06
4.88	4.42403e-06
4.9	4.4324e-06
4.92	4.44077e-06
4.94	4.44913e-06
4.96	4.45749e-06
4.98	4.46585e-06
5	4.4742e-06
5.02	4.48256e-06
5.04	4.49092e-06
5.06	4.49927e-06
5.08	4.50762e-06
5.1	4.51598e-06
5.12	4.52433e-06
5.14	4.53268e-06
5.16	4.54104e-06
5.18	4.54939e-06
5.2	4.55775e-06
5.22	4.5661e-06
5.24	4.57446e-06
5.26	4.58282e-06
5.28	4.59118e-06
5.3	4.59954e-06
5.32	4.60791e-06
5.34	4.61628e-06
5.36	4.62465e-06
5.38	4.63302e-06
5.4	4.6414e-06
5.42	4.64978e-06
5.44	4.65816e-06
5.46	4.66655e-06
5.48	4.67494e-06
5.5	4.68334e-06
5.52	4.69174e-06
5.54	4.70014e-06
5.56	4.70855e-06
5.58	4.71697e-06
5.6	4.72539e-06
5.62	4.73381e-06
5.64	4.74224e-06
5.66	4.75068e-06
5.68	4.75912e-06
5.7	4.76756e-06
5.72	4.77602e-06
5.74	4.78448e-06
5.76	4.79294e-06
5.78	4.80141e-06
5.8	4.80989e-06
5.82	4.81837e-06
5.84	4.82687e-06
5.86	4.83536e-06
5.88	4.84387e-06
5.9	4.85238e-06
5.92	4.8609e-06
5.94	4.86943e-06
5.96	4.87796e-06
5.98	4.88651e-06
6	4.89506e-06
6.02	4.90361e-06
6.04	4.91218e-06
6.06	4.92075e-06
6.08	4.92934e-06
6.1	4.93793e-06
6.12	4.94652e-06
6.14	4.95513e-06
6.16	4.96375e-06
6.18	4.97237e-06
6.2	4.981e-06
6.22	4.98964e-06
6.24	4.99829e-06
6.26	5.00695e-06
6.28	5.01562e-06
6.3	5.02429e-06
6.32	5.03298e-06
6.34	5.04167e-06
6.36	5.05038e-06
6.38	5.05909e-06
6.4	5.06781e-06
6.42	5.07654e-06
6.44	5.08528e-06
6.46	5.09403e-06
6.48	5.10279e-06
6.5	5.11156e-06
6.52	5.12034e-06
6.54	5.12913e-06
6.56	5.13793e-06
6.58	5.14673e-06
6.6	5.15555e-06
6.62	5.16438e-06
6.64	5.17322e-06
6.66	5.18206e-06
6.68	5.19092e-06
6.7	5.19979e-06
6.72	5.20866e-06
6.74	5.21755e-06
6.76	5.22645e-06
6.78	5.23536e-06
6.8	5.24427e-06
6.82	5.2532e-06
6.84	5.26214e-06
6.86	5.27109e-06
6.88	5.28005e-06
6.9	5.28902e-06
6.92	5.298e-06
6.94	5.30699e-06
6.96	5.31599e-06
6.98	5.325e-06
7	5.33402e-06
7.02	5.34306e-06
7.04	5.3521e-06
7.06	5.36115e-06
7.08	5.37022e-06
7.1	5.37929e-06
7.12	5.38838e-06
7.14	5.39748e-06
7.16	5.40658e-06
7.18	5.4157e-06
7.2	5.42483e-06
7.22	5.43397e-06
7.24	5.44312e-06
7.26	5.45228e-06
7.28	5.46146e-06
7.3	5.47064e-06
7.32	5.47984e-06
7.34	5.48904e-06
7.36	5.49826e-06
7.38	5.50749e-06
7.4	5.51673e-06
7.42	5.52598e-06
7.44	5.53524e-06
7.46	5.54451e-06
7.48	5.5538e-06
7.5	5.56309e-06
7.52	5.5724e-06
7.54	5.58172e-06
7.56	5.59105e-06
7.58	5.60039e-06
7.6	5.60974e-06
7.62	5.6191e-06
7.64	5.62847e-06
7.66	5.63786e-06
7.68	5.64726e-06
7.7	5.65667e-06
7.72	5.66609e-06
7.74	5.67552e-06
7.76	5.68496e-06
7.78	5.69442e-06
7.8	5.70388e-06
7.82	5.71336e-06
7.84	5.72285e-06
7.86	5.73235e-06
7.88	5.74187e-06
7.9	5.75139e-06
7.92	5.76093e-06
7.94	5.77048e-06
7.96	5.78004e-06
7.98	5.78961e-06
8	5.79919e-06
8.02	5.80879e-06
8.04	5.81839e-06
8.06	5.82801e-06
8.08	5.83764e-06
8.1	5.84729e-06
8.12	5.85694e-06
8.14	5.86661e-06
8.16	5.87629e-06
8.18	5.88598e-06
8.2	5.89568e-06
8.22	5.90539e-06
8.24	5.91512e-06
8.26	5.92486e-06
8.28	5.93461e-06
8.3	5.94437e-06
8.32	5.95415e-06
8.34	5.96393e-06
8.36	5.97373e-06
8.38	5.98354e-06
8.4	5.99337e-06
8.42	6.0032e-06
8.44	6.01305e-06
8.46	6.02291e-06
8.48	6.03278e-06
8.5	6.04267e-06
8.52	6.05257e-06
8.54	6.06248e-06
8.56	6.0724e-06
8.58	6.08233e-06
8.6	6.09228e-06
8.62	6.10224e-06
8.64	6.11221e-06
8.66	6.12219e-06
8.68	6.13219e-06
8.7	6.1422e-06
8.72	6.15222e-06
8.74	6.16226e-06
8.76	6.1723e-06
8.78	6.18236e-06
8.8	6.19243e-06
8.82	6.20252e-06
8.84	6.21262e-06
8.86	6.22273e-06
8.88	6.23285e-06
8.9	6.24299e-06
8.92	6.25313e-06
8.94	6.2633e-06
8.96	6.27347e-06
8.98	6.28366e-06
9	6.29386e-06
9.02	6.30407e-06
9.04	6.31429e-06
9.06	6.32453e-06
9.08	6.33478e-06
9.1	6.34505e-06
9.12	6.35532e-06
9.14	6.36562e-06
9.16	6.37592e-06
9.18	6.38623e-06
9.2	6.39656e-06
9.22	6.40691e-06
9.24	6.41726e-06
9.26	6.42763e-06
9.28	6.43801e-06
9.3	6.44841e-06
9.32	6.45882e-06
9.34	6.46924e-06
9.36	6.47967e-06
9.38	6.49012e-06
9.4	6.50058e-06
9.42	6.51106e-06
9.44	6.52155e-06
9.46	6.53205e-06
9.48	6.54256e-06
9.5	6.55309e-06
9.52	6.56363e-06
9.54	6.57419e-06
9.56	6.58476e-06
9.58	6.59534e-06
9.6	6.60594e-06
9.62	6.61655e-06
9.64	6.62717e-06
9.66	6.63781e-06
9.68	6.64846e-06
9.7	6.65912e-06
9.72	6.6698e-06
9.74	6.68049e-06
9.76	6.6912e-06
9.78	6.70192e-06
9.8	6.71265e-06
9.82	6.7234e-06
9.84	6.73416e-06
9.86	6.74493e-06
9.88	6.75572e-06
9.9	6.76652e-06
9.92	6.77734e-06
9.94	6.78817e-06
9.96	6.79902e-06
9.98	6.80988e-06
10	6.82075e-06
