label:AIS.ik_mslo( 0.5 )
500
0.01	0.00784771
0.03	0.00789946
0.05	0.00795552
0.07	0.00801187
0.09	0.00806681
0.11	0.00811985
0.13	0.00817114
0.15	0.0082211
0.17	0.00827028
0.19	0.00831926
0.21	0.00836859
0.23	0.00841879
0.25	0.00847032
0.27	0.00852358
0.29	0.00857893
0.31	0.00863668
0.33	0.00869709
0.35	0.00876038
0.37	0.00882671
0.39	0.00889625
0.41	0.00896913
0.43	0.00904548
0.45	0.00912539
0.47	0.00920898
0.49	0.00929634
0.51	0.00938757
0.53	0.00948278
0.55	0.00958205
0.57	0.00968552
0.59	0.00979328
0.61	0.00990547
0.63	0.0100222
0.65	0.0101437
0.67	0.0102701
0.69	0.0104015
0.71	0.0105383
0.73	0.0106805
0.75	0.0108285
0.77	0.0109825
0.79	0.0111428
0.81	0.0113098
0.83	0.0114839
0.85	0.0116654
0.87	0.0118549
0.89	0.0120528
0.91	0.0122597
0.93	0.0124764
0.95	0.0127035
0.97	0.0129419
0.99	0.0131925
1.01	0.0134562
1.03	0.0137344
1.05	0.0140283
1.07	0.0143395
1.09	0.0146698
1.11	0.0150212
1.13	0.0153962
1.15	0.0157976
1.17	0.0162287
1.19	0.0166934
1.21	0.0171966
1.23	0.017744
1.25	0.0183425
1.27	0.0190007
1.29	0.0197295
1.31	0.0205425
1.33	0.0214571
1.35	0.0224962
1.37	0.0236902
1.39	0.0250801
1.41	0.0267231
1.43	0.0287004
1.45	0.0311309
1.47	0.0341943
1.49	0.0381711
1.51	0.0435131
1.53	0.0509669
1.55	0.0617781
1.57	0.0779814
1.59	0.102722
1.61	0.140682
1.63	0.199553
1.65	0.295026
1.67	0.462643
1.69	0.776603
1.71	1.36396
1.73	2.38893
1.75	3.98919
1.77	6.18095
1.79	8.79064
1.81	11.4757
1.83	13.8361
1.85	15.5425
1.87	16.3989
1.89	16.3432
1.91	15.4333
1.93	13.8258
1.95	11.7966
1.97	9.67529
1.99	7.7055
2.01	6.00677
2.03	4.6116
2.05	3.50551
2.07	2.65177
2.09	2.00595
2.11	1.52451
2.13	1.16921
2.15	0.908576
2.17	0.717875
2.19	0.578222
2.21	0.475521
2.23	0.39942
2.25	0.342405
2.27	0.299075
2.29	0.265568
2.31	0.239141
2.33	0.217844
2.35	0.200299
2.37	0.185525
2.39	0.172826
2.41	0.161708
2.43	0.151812
2.45	0.142883
2.47	0.134733
2.49	0.127226
2.51	0.120258
2.53	0.113754
2.55	0.107654
2.57	0.101914
2.59	0.0964985
2.61	0.0913784
2.63	0.0865308
2.65	0.0819365
2.67	0.0775791
2.69	0.0734444
2.71	0.0695202
2.73	0.0657951
2.75	0.0622591
2.77	0.0589026
2.79	0.055717
2.81	0.0526939
2.83	0.0498256
2.85	0.0471044
2.87	0.0445233
2.89	0.0420754
2.91	0.0397542
2.93	0.0375535
2.95	0.0354672
2.97	0.0334896
2.99	0.0316153
3.01	0.0298391
3.03	0.028156
3.05	0.0265615
3.07	0.025051
3.09	0.0236203
3.11	0.0222655
3.13	0.0209828
3.15	0.0197686
3.17	0.0186195
3.19	0.0175323
3.21	0.016504
3.23	0.0155317
3.25	0.0146126
3.27	0.0137442
3.29	0.0129238
3.31	0.0121493
3.33	0.0114183
3.35	0.0107287
3.37	0.0100784
3.39	0.00946539
3.41	0.00888789
3.43	0.00834405
3.45	0.00783215
3.47	0.00735056
3.49	0.00689768
3.51	0.00647201
3.53	0.0060721
3.55	0.00569658
3.57	0.00534413
3.59	0.00501347
3.61	0.00470341
3.63	0.0044128
3.65	0.00414054
3.67	0.00388558
3.69	0.00364692
3.71	0.00342364
3.73	0.00321481
3.75	0.00301959
3.77	0.00283716
3.79	0.00266676
3.81	0.00250766
3.83	0.00235915
3.85	0.00222061
3.87	0.00209139
3.89	0.00197092
3.91	0.00185866
3.93	0.00175407
3.95	0.00165667
3.97	0.001566
3.99	0.00148162
4.01	0.00140313
4.03	0.00133014
4.05	0.00126229
4.07	0.00119924
4.09	0.00114067
4.11	0.00108629
4.13	0.0010358
4.15	0.000988962
4.17	0.000945516
4.19	0.000905234
4.21	0.000867903
4.23	0.00083332
4.25	0.000801297
4.27	0.000771659
4.29	0.000744242
4.31	0.000718891
4.33	0.000695463
4.35	0.000673825
4.37	0.000653852
4.39	0.000635427
4.41	0.000618443
4.43	0.000602797
4.45	0.000588396
4.47	0.000575151
4.49	0.000562981
4.51	0.00055181
4.53	0.000541567
4.55	0.000532185
4.57	0.000523603
4.59	0.000515765
4.61	0.000508616
4.63	0.000502107
4.65	0.000496193
4.67	0.00049083
4.69	0.000485979
4.71	0.000481602
4.73	0.000477666
4.75	0.000474139
4.77	0.00047099
4.79	0.000468193
4.81	0.000465721
4.83	0.000463552
4.85	0.000461662
4.87	0.000460032
4.89	0.000458642
4.91	0.000457475
4.93	0.000456515
4.95	0.000455745
4.97	0.000455153
4.99	0.000454725
5.01	0.000454449
5.03	0.000454314
5.05	0.000454309
5.07	0.000454424
5.09	0.000454652
5.11	0.000454982
5.13	0.000455408
5.15	0.000455923
5.17	0.00045652
5.19	0.000457192
5.21	0.000457934
5.23	0.000458741
5.25	0.000459608
5.27	0.000460531
5.29	0.000461504
5.31	0.000462525
5.33	0.00046359
5.35	0.000464695
5.37	0.000465837
5.39	0.000467014
5.41	0.000468223
5.43	0.000469461
5.45	0.000470726
5.47	0.000472016
5.49	0.00047333
5.51	0.000474664
5.53	0.000476018
5.55	0.000477391
5.57	0.00047878
5.59	0.000480185
5.61	0.000481604
5.63	0.000483035
5.65	0.000484479
5.67	0.000485934
5.69	0.0004874
5.71	0.000488874
5.73	0.000490357
5.75	0.000491849
5.77	0.000493347
5.79	0.000494852
5.81	0.000496364
5.83	0.000497881
5.85	0.000499403
5.87	0.00050093
5.89	0.000502461
5.91	0.000503996
5.93	0.000505535
5.95	0.000507078
5.97	0.000508623
5.99	0.000510171
6.01	0.000511722
6.03	0.000513275
6.05	0.00051483
6.07	0.000516387
6.09	0.000517946
6.11	0.000519506
6.13	0.000521068
6.15	0.000522631
6.17	0.000524196
6.19	0.000525761
6.21	0.000527328
6.23	0.000528895
6.25	0.000530463
6.27	0.000532032
6.29	0.000533602
6.31	0.000535172
6.33	0.000536742
6.35	0.000538313
6.37	0.000539885
6.39	0.000541457
6.41	0.000543029
6.43	0.000544601
6.45	0.000546174
6.47	0.000547747
6.49	0.00054932
6.51	0.000550893
6.53	0.000552467
6.55	0.00055404
6.57	0.000555614
6.59	0.000557187
6.61	0.000558761
6.63	0.000560335
6.65	0.000561909
6.67	0.000563483
6.69	0.000565057
6.71	0.000566631
6.73	0.000568205
6.75	0.000569778
6.77	0.000571352
6.79	0.000572926
6.81	0.0005745
6.83	0.000576074
6.85	0.000577648
6.87	0.000579222
6.89	0.000580796
6.91	0.00058237
6.93	0.000583944
6.95	0.000585517
6.97	0.000587091
6.99	0.000588665
7.01	0.000590239
7.03	0.000591813
7.05	0.000593387
7.07	0.00059496
7.09	0.000596534
7.11	0.000598108
7.13	0.000599682
7.15	0.000601255
7.17	0.000602829
7.19	0.000604403
7.21	0.000605977
7.23	0.000607551
7.25	0.000609125
7.27	0.000610698
7.29	0.000612272
7.31	0.000613846
7.33	0.00061542
7.35	0.000616994
7.37	0.000618568
7.39	0.000620142
7.41	0.000621716
7.43	0.00062329
7.45	0.000624865
7.47	0.000626439
7.49	0.000628013
7.51	0.000629588
7.53	0.000631162
7.55	0.000632736
7.57	0.000634311
7.59	0.000635886
7.61	0.00063746
7.63	0.000639035
7.65	0.00064061
7.67	0.000642185
7.69	0.00064376
7.71	0.000645335
7.73	0.00064691
7.75	0.000648485
7.77	0.000650061
7.79	0.000651636
7.81	0.000653212
7.83	0.000654788
7.85	0.000656364
7.87	0.000657939
7.89	0.000659516
7.91	0.000661092
7.93	0.000662668
7.95	0.000664244
7.97	0.000665821
7.99	0.000667398
8.01	0.000668974
8.03	0.000670551
8.05	0.000672129
8.07	0.000673706
8.09	0.000675283
8.11	0.000676861
8.13	0.000678438
8.15	0.000680016
8.17	0.000681594
8.19	0.000683172
8.21	0.000684751
8.23	0.000686329
8.25	0.000687908
8.27	0.000689487
8.29	0.000691066
8.31	0.000692645
8.33	0.000694224
8.35	0.000695803
8.37	0.000697383
8.39	0.000698963
8.41	0.000700543
8.43	0.000702123
8.45	0.000703704
8.47	0.000705284
8.49	0.000706865
8.51	0.000708446
8.53	0.000710028
8.55	0.000711609
8.57	0.000713191
8.59	0.000714772
8.61	0.000716355
8.63	0.000717937
8.65	0.000719519
8.67	0.000721102
8.69	0.000722685
8.71	0.000724268
8.73	0.000725852
8.75	0.000727435
8.77	0.000729019
8.79	0.000730603
8.81	0.000732187
8.83	0.000733772
8.85	0.000735357
8.87	0.000736942
8.89	0.000738527
8.91	0.000740113
8.93	0.000741699
8.95	0.000743285
8.97	0.000744871
8.99	0.000746458
9.01	0.000748044
9.03	0.000749631
9.05	0.000751219
9.07	0.000752807
9.09	0.000754394
9.11	0.000755983
9.13	0.000757571
9.15	0.00075916
9.17	0.000760749
9.19	0.000762338
9.21	0.000763928
9.23	0.000765518
9.25	0.000767108
9.27	0.000768699
9.29	0.000770289
9.31	0.00077188
9.33	0.000773472
9.35	0.000775064
9.37	0.000776656
9.39	0.000778248
9.41	0.000779841
9.43	0.000781434
9.45	0.000783027
9.47	0.000784621
9.49	0.000786215
9.51	0.000787809
9.53	0.000789403
9.55	0.000790998
9.57	0.000792594
9.59	0.000794189
9.61	0.000795785
9.63	0.000797382
9.65	0.000798978
9.67	0.000800575
9.69	0.000802173
9.71	0.00080377
9.73	0.000805368
9.75	0.000806967
9.77	0.000808566
9.79	0.000810165
9.81	0.000811764
9.83	0.000813364
9.85	0.000814964
9.87	0.000816565
9.89	0.000818166
9.91	0.000819768
9.93	0.000821369
9.95	0.000822972
9.97	0.000824574
9.99	0.000826177
