label:AIS.g_mslo( 0.5 )
500
0.02	0.000230815
0.04	0.000231288
0.06	0.000232025
0.08	0.000232903
0.1	0.000233853
0.12	0.000234841
0.14	0.00023585
0.16	0.000236876
0.18	0.00023792
0.2	0.000238988
0.22	0.000240083
0.24	0.000241215
0.26	0.000242387
0.28	0.000243606
0.3	0.000244877
0.32	0.000246204
0.34	0.000247591
0.36	0.000249041
0.38	0.000250559
0.4	0.000252146
0.42	0.000253806
0.44	0.00025554
0.46	0.000257351
0.48	0.000259239
0.5	0.000261208
0.52	0.00026326
0.54	0.000265396
0.56	0.000267619
0.58	0.000269933
0.6	0.00027234
0.62	0.000274844
0.64	0.00027745
0.66	0.000280161
0.68	0.000282983
0.7	0.00028592
0.72	0.00028898
0.74	0.000292168
0.76	0.000295492
0.78	0.000298961
0.8	0.000302582
0.82	0.000306366
0.84	0.000310323
0.86	0.000314465
0.88	0.000318806
0.9	0.00032336
0.92	0.000328145
0.94	0.00033318
0.96	0.000338486
0.98	0.000344088
1	0.000350012
1.02	0.000356289
1.04	0.000362955
1.06	0.000370049
1.08	0.000377618
1.1	0.000385715
1.12	0.000394402
1.14	0.000403753
1.16	0.000413854
1.18	0.000424806
1.2	0.000436733
1.22	0.000449784
1.24	0.000464141
1.26	0.000480028
1.28	0.000497727
1.3	0.000517594
1.32	0.000540092
1.34	0.000565828
1.36	0.000595617
1.38	0.000630583
1.4	0.000672311
1.42	0.000723124
1.44	0.000786546
1.46	0.000868177
1.48	0.000977415
1.5	0.00113114
1.52	0.00136249
1.54	0.00174564
1.56	0.00247897
1.58	0.00417347
1.6	0.00861479
1.62	0.0199473
1.64	0.0450057
1.66	0.0903611
1.68	0.156561
1.7	0.235898
1.72	0.317237
1.74	0.392212
1.76	0.457061
1.78	0.511159
1.8	0.555274
1.82	0.590491
1.84	0.617958
1.86	0.638948
1.88	0.654712
1.9	0.666338
1.92	0.674711
1.94	0.68053
1.96	0.68434
1.98	0.686565
2	0.687528
2.02	0.687473
2.04	0.686581
2.06	0.684987
2.08	0.682791
2.1	0.680064
2.12	0.676856
2.14	0.673205
2.16	0.669132
2.18	0.664655
2.2	0.659782
2.22	0.654516
2.24	0.648856
2.26	0.642798
2.28	0.636335
2.3	0.629458
2.32	0.622156
2.34	0.614416
2.36	0.606225
2.38	0.597566
2.4	0.588423
2.42	0.578781
2.44	0.568623
2.46	0.557932
2.48	0.546694
2.5	0.534895
2.52	0.522524
2.54	0.509574
2.56	0.496044
2.58	0.481935
2.6	0.467259
2.62	0.452034
2.64	0.43629
2.66	0.420066
2.68	0.403411
2.7	0.386391
2.72	0.369077
2.74	0.351557
2.76	0.333924
2.78	0.31628
2.8	0.298731
2.82	0.281383
2.84	0.264341
2.86	0.247702
2.88	0.231557
2.9	0.215982
2.92	0.201042
2.94	0.186789
2.96	0.173259
2.98	0.160474
3	0.148445
3.02	0.137171
3.04	0.126639
3.06	0.116831
3.08	0.107722
3.1	0.0992805
3.12	0.0914734
3.14	0.0842645
3.16	0.077617
3.18	0.0714936
3.2	0.0658575
3.22	0.0606731
3.24	0.0559061
3.26	0.0515239
3.28	0.0474958
3.3	0.0437931
3.32	0.040389
3.34	0.0372588
3.36	0.0343796
3.38	0.0317305
3.4	0.0292923
3.42	0.0270473
3.44	0.0249794
3.46	0.023074
3.48	0.0213177
3.5	0.0196982
3.52	0.0182044
3.54	0.0168262
3.56	0.0155543
3.58	0.0143801
3.6	0.013296
3.62	0.0122948
3.64	0.0113701
3.66	0.0105158
3.68	0.00972665
3.7	0.00899747
3.72	0.0083237
3.74	0.00770109
3.76	0.00712573
3.78	0.00659402
3.8	0.00610265
3.82	0.00564855
3.84	0.0052289
3.86	0.0048411
3.88	0.00448272
3.9	0.00415155
3.92	0.00384553
3.94	0.00356276
3.96	0.00330148
3.98	0.00306007
4	0.00283702
4.02	0.00263094
4.04	0.00244055
4.06	0.00226467
4.08	0.00210218
4.1	0.00195208
4.12	0.00181343
4.14	0.00168536
4.16	0.00156706
4.18	0.00145779
4.2	0.00135687
4.22	0.00126365
4.24	0.00117756
4.26	0.00109805
4.28	0.00102462
4.3	0.00095681
4.32	0.000894183
4.34	0.000836348
4.36	0.000782938
4.38	0.000733616
4.4	0.00068807
4.42	0.000646011
4.44	0.000607172
4.46	0.000571308
4.48	0.000538191
4.5	0.00050761
4.52	0.000479372
4.54	0.000453297
4.56	0.00042922
4.58	0.000406988
4.6	0.00038646
4.62	0.000367505
4.64	0.000350002
4.66	0.000333842
4.68	0.000318919
4.7	0.000305141
4.72	0.000292419
4.74	0.000280672
4.76	0.000269826
4.78	0.000259811
4.8	0.000250564
4.82	0.000242026
4.84	0.000234142
4.86	0.000226863
4.88	0.000220142
4.9	0.000213937
4.92	0.000208207
4.94	0.000202917
4.96	0.000198033
4.98	0.000193523
5	0.000189359
5.02	0.000185514
5.04	0.000181964
5.06	0.000178687
5.08	0.000175661
5.1	0.000172867
5.12	0.000170287
5.14	0.000167905
5.16	0.000165706
5.18	0.000163676
5.2	0.000161802
5.22	0.000160071
5.24	0.000158474
5.26	0.000156999
5.28	0.000155637
5.3	0.00015438
5.32	0.000153219
5.34	0.000152148
5.36	0.000151158
5.38	0.000150245
5.4	0.000149402
5.42	0.000148624
5.44	0.000147906
5.46	0.000147243
5.48	0.000146631
5.5	0.000146066
5.52	0.000145545
5.54	0.000145064
5.56	0.00014462
5.58	0.00014421
5.6	0.000143832
5.62	0.000143483
5.64	0.000143161
5.66	0.000142864
5.68	0.00014259
5.7	0.000142337
5.72	0.000142104
5.74	0.000141889
5.76	0.000141691
5.78	0.000141508
5.8	0.00014134
5.82	0.000141184
5.84	0.000141041
5.86	0.000140909
5.88	0.000140788
5.9	0.000140676
5.92	0.000140573
5.94	0.000140478
5.96	0.00014039
5.98	0.00014031
6	0.000140236
6.02	0.000140168
6.04	0.000140106
6.06	0.000140048
6.08	0.000139996
6.1	0.000139947
6.12	0.000139903
6.14	0.000139863
6.16	0.000139825
6.18	0.000139791
6.2	0.00013976
6.22	0.000139732
6.24	0.000139706
6.26	0.000139683
6.28	0.000139661
6.3	0.000139642
6.32	0.000139624
6.34	0.000139608
6.36	0.000139594
6.38	0.000139581
6.4	0.00013957
6.42	0.000139559
6.44	0.00013955
6.46	0.000139542
6.48	0.000139535
6.5	0.000139529
6.52	0.000139523
6.54	0.000139519
6.56	0.000139515
6.58	0.000139512
6.6	0.000139509
6.62	0.000139507
6.64	0.000139506
6.66	0.000139505
6.68	0.000139504
6.7	0.000139504
6.72	0.000139504
6.74	0.000139505
6.76	0.000139506
6.78	0.000139507
6.8	0.000139509
6.82	0.000139511
6.84	0.000139513
6.86	0.000139516
6.88	0.000139518
6.9	0.000139521
6.92	0.000139524
6.94	0.000139527
6.96	0.000139531
6.98	0.000139534
7	0.000139538
7.02	0.000139542
7.04	0.000139546
7.06	0.00013955
7.08	0.000139554
7.1	0.000139559
7.12	0.000139563
7.14	0.000139568
7.16	0.000139572
7.18	0.000139577
7.2	0.000139582
7.22	0.000139587
7.24	0.000139592
7.26	0.000139597
7.28	0.000139602
7.3	0.000139607
7.32	0.000139613
7.34	0.000139618
7.36	0.000139623
7.38	0.000139629
7.4	0.000139634
7.42	0.00013964
7.44	0.000139645
7.46	0.000139651
7.48	0.000139657
7.5	0.000139662
7.52	0.000139668
7.54	0.000139674
7.56	0.00013968
7.58	0.000139686
7.6	0.000139692
7.62	0.000139698
7.64	0.000139704
7.66	0.00013971
7.68	0.000139716
7.7	0.000139722
7.72	0.000139728
7.74	0.000139734
7.76	0.000139741
7.78	0.000139747
7.8	0.000139753
7.82	0.00013976
7.84	0.000139766
7.86	0.000139772
7.88	0.000139779
7.9	0.000139785
7.92	0.000139792
7.94	0.000139798
7.96	0.000139805
7.98	0.000139811
8	0.000139818
8.02	0.000139825
8.04	0.000139831
8.06	0.000139838
8.08	0.000139845
8.1	0.000139852
8.12	0.000139858
8.14	0.000139865
8.16	0.000139872
8.18	0.000139879
8.2	0.000139886
8.22	0.000139893
8.24	0.0001399
8.26	0.000139907
8.28	0.000139914
8.3	0.000139921
8.32	0.000139928
8.34	0.000139935
8.36	0.000139942
8.38	0.000139949
8.4	0.000139956
8.42	0.000139963
8.44	0.000139971
8.46	0.000139978
8.48	0.000139985
8.5	0.000139993
8.52	0.00014
8.54	0.000140007
8.56	0.000140015
8.58	0.000140022
8.6	0.000140029
8.62	0.000140037
8.64	0.000140044
8.66	0.000140052
8.68	0.000140059
8.7	0.000140067
8.72	0.000140075
8.74	0.000140082
8.76	0.00014009
8.78	0.000140097
8.8	0.000140105
8.82	0.000140113
8.84	0.000140121
8.86	0.000140128
8.88	0.000140136
8.9	0.000140144
8.92	0.000140152
8.94	0.00014016
8.96	0.000140168
8.98	0.000140175
9	0.000140183
9.02	0.000140191
9.04	0.000140199
9.06	0.000140207
9.08	0.000140215
9.1	0.000140223
9.12	0.000140232
9.14	0.00014024
9.16	0.000140248
9.18	0.000140256
9.2	0.000140264
9.22	0.000140272
9.24	0.000140281
9.26	0.000140289
9.28	0.000140297
9.3	0.000140306
9.32	0.000140314
9.34	0.000140322
9.36	0.000140331
9.38	0.000140339
9.4	0.000140347
9.42	0.000140356
9.44	0.000140364
9.46	0.000140373
9.48	0.000140381
9.5	0.00014039
9.52	0.000140399
9.54	0.000140407
9.56	0.000140416
9.58	0.000140425
9.6	0.000140433
9.62	0.000140442
9.64	0.000140451
9.66	0.000140459
9.68	0.000140468
9.7	0.000140477
9.72	0.000140486
9.74	0.000140495
9.76	0.000140504
9.78	0.000140513
9.8	0.000140522
9.82	0.000140531
9.84	0.00014054
9.86	0.000140549
9.88	0.000140558
9.9	0.000140567
9.92	0.000140576
9.94	0.000140585
9.96	0.000140594
9.98	0.000140603
10	0.000140612
