label:AIS.ik_mslo( 0.5 )
500
0.01	0.00392386
0.03	0.00395056
0.05	0.00397979
0.07	0.00400978
0.09	0.00403982
0.11	0.0040697
0.13	0.00409953
0.15	0.00412949
0.17	0.00415983
0.19	0.00419082
0.21	0.00422269
0.23	0.00425566
0.25	0.00428992
0.27	0.00432565
0.29	0.00436296
0.31	0.00440197
0.33	0.00444279
0.35	0.00448548
0.37	0.00453012
0.39	0.00457677
0.41	0.0046255
0.43	0.00467634
0.45	0.00472937
0.47	0.00478464
0.49	0.0048422
0.51	0.00490212
0.53	0.00496449
0.55	0.00502941
0.57	0.00509695
0.59	0.0051672
0.61	0.00524026
0.63	0.00531625
0.65	0.00539528
0.67	0.00547749
0.69	0.00556303
0.71	0.00565209
0.73	0.00574483
0.75	0.00584148
0.77	0.00594227
0.79	0.00604745
0.81	0.00615732
0.83	0.00627219
0.85	0.00639242
0.87	0.00651841
0.89	0.0066506
0.91	0.00678949
0.93	0.00693564
0.95	0.00708969
0.97	0.00725235
0.99	0.00742442
1.01	0.00760681
1.03	0.00780059
1.05	0.00800699
1.07	0.00822744
1.09	0.00846359
1.11	0.00871739
1.13	0.00899113
1.15	0.00928754
1.17	0.00960988
1.19	0.0099621
1.21	0.010349
1.23	0.0107766
1.25	0.0112522
1.27	0.0117853
1.29	0.012388
1.31	0.013076
1.33	0.0138703
1.35	0.0147992
1.37	0.0159024
1.39	0.017236
1.41	0.0188831
1.43	0.0209695
1.45	0.0236941
1.47	0.0273831
1.49	0.0325946
1.51	0.0403213
1.53	0.052409
1.55	0.0725855
1.57	0.109857
1.59	0.19047
1.61	0.390383
1.63	0.893152
1.65	2.03093
1.67	4.18717
1.69	7.48686
1.71	11.4927
1.73	15.3048
1.75	18.0726
1.77	19.4208
1.79	19.4499
1.81	18.4818
1.83	16.8362
1.85	14.7502
1.87	12.4596
1.89	10.2157
1.91	8.19397
1.93	6.46926
1.95	5.05003
1.97	3.91221
1.99	3.0183
2.01	2.32703
2.03	1.7988
2.05	1.39862
2.07	1.0972
2.09	0.870911
2.11	0.701222
2.13	0.573854
2.15	0.477958
2.17	0.405378
2.19	0.350025
2.21	0.307384
2.23	0.274119
2.25	0.247775
2.27	0.226549
2.29	0.20912
2.31	0.194519
2.33	0.182039
2.35	0.17116
2.37	0.161503
2.39	0.15279
2.41	0.144816
2.43	0.137433
2.45	0.13053
2.47	0.124029
2.49	0.117871
2.51	0.112013
2.53	0.106427
2.55	0.101089
2.57	0.095984
2.59	0.0911008
2.61	0.0864305
2.63	0.0819663
2.65	0.0777022
2.67	0.0736328
2.69	0.0697529
2.71	0.066057
2.73	0.0625395
2.75	0.0591948
2.77	0.0560167
2.79	0.0529992
2.81	0.0501359
2.83	0.0474203
2.85	0.044846
2.87	0.0424067
2.89	0.0400958
2.91	0.0379071
2.93	0.0358345
2.95	0.0338719
2.97	0.0320135
2.99	0.0302539
3.01	0.0285875
3.03	0.0270093
3.05	0.0255145
3.07	0.0240985
3.09	0.022757
3.11	0.021486
3.13	0.0202816
3.15	0.0191403
3.17	0.0180588
3.19	0.017034
3.21	0.0160629
3.23	0.0151428
3.25	0.0142712
3.27	0.0134458
3.29	0.0126641
3.31	0.0119242
3.33	0.0112239
3.35	0.0105614
3.37	0.00993496
3.39	0.00934274
3.41	0.00878314
3.43	0.0082546
3.45	0.00775563
3.47	0.00728477
3.49	0.00684067
3.51	0.006422
3.53	0.00602749
3.55	0.00565593
3.57	0.00530616
3.59	0.00497705
3.61	0.00466754
3.63	0.0043766
3.65	0.00410323
3.67	0.00384649
3.69	0.00360549
3.71	0.00337936
3.73	0.00316727
3.75	0.00296843
3.77	0.0027821
3.79	0.00260755
3.81	0.00244412
3.83	0.00229115
3.85	0.00214802
3.87	0.00201415
3.89	0.001889
3.91	0.00177202
3.93	0.00166274
3.95	0.00156066
3.97	0.00146536
3.99	0.00137641
4.01	0.00129341
4.03	0.001216
4.05	0.00114381
4.07	0.00107651
4.09	0.0010138
4.11	0.000955372
4.13	0.000900958
4.15	0.000850295
4.17	0.000803138
4.19	0.000759258
4.21	0.00071844
4.23	0.000680482
4.25	0.000645194
4.27	0.000612399
4.29	0.00058193
4.31	0.000553632
4.33	0.000527359
4.35	0.000502974
4.37	0.000480351
4.39	0.000459368
4.41	0.000439916
4.43	0.00042189
4.45	0.000405191
4.47	0.00038973
4.49	0.000375421
4.51	0.000362186
4.53	0.000349949
4.55	0.000338642
4.57	0.000328201
4.59	0.000318565
4.61	0.000309679
4.63	0.00030149
4.65	0.000293949
4.67	0.000287012
4.69	0.000280635
4.71	0.00027478
4.73	0.00026941
4.75	0.00026449
4.77	0.00025999
4.79	0.000255879
4.81	0.000252129
4.83	0.000248716
4.85	0.000245615
4.87	0.000242804
4.89	0.000240263
4.91	0.000237972
4.93	0.000235913
4.95	0.000234071
4.97	0.000232428
4.99	0.000230972
5.01	0.000229688
5.03	0.000228565
5.05	0.000227591
5.07	0.000226754
5.09	0.000226046
5.11	0.000225457
5.13	0.000224978
5.15	0.000224601
5.17	0.000224319
5.19	0.000224125
5.21	0.000224013
5.23	0.000223977
5.25	0.00022401
5.27	0.000224109
5.29	0.000224269
5.31	0.000224484
5.33	0.000224751
5.35	0.000225066
5.37	0.000225425
5.39	0.000225826
5.41	0.000226265
5.43	0.000226739
5.45	0.000227247
5.47	0.000227784
5.49	0.00022835
5.51	0.000228942
5.53	0.000229557
5.55	0.000230196
5.57	0.000230854
5.59	0.000231532
5.61	0.000232228
5.63	0.00023294
5.65	0.000233667
5.67	0.000234408
5.69	0.000235162
5.71	0.000235928
5.73	0.000236705
5.75	0.000237492
5.77	0.000238289
5.79	0.000239094
5.81	0.000239908
5.83	0.000240728
5.85	0.000241556
5.87	0.00024239
5.89	0.00024323
5.91	0.000244075
5.93	0.000244925
5.95	0.00024578
5.97	0.000246639
5.99	0.000247502
6.01	0.000248368
6.03	0.000249238
6.05	0.000250111
6.07	0.000250986
6.09	0.000251864
6.11	0.000252744
6.13	0.000253627
6.15	0.000254511
6.17	0.000255397
6.19	0.000256285
6.21	0.000257175
6.23	0.000258065
6.25	0.000258957
6.27	0.000259851
6.29	0.000260745
6.31	0.00026164
6.33	0.000262536
6.35	0.000263432
6.37	0.00026433
6.39	0.000265228
6.41	0.000266127
6.43	0.000267026
6.45	0.000267925
6.47	0.000268825
6.49	0.000269726
6.51	0.000270626
6.53	0.000271527
6.55	0.000272429
6.57	0.00027333
6.59	0.000274232
6.61	0.000275133
6.63	0.000276035
6.65	0.000276937
6.67	0.00027784
6.69	0.000278742
6.71	0.000279644
6.73	0.000280546
6.75	0.000281448
6.77	0.000282351
6.79	0.000283253
6.81	0.000284155
6.83	0.000285058
6.85	0.00028596
6.87	0.000286862
6.89	0.000287764
6.91	0.000288666
6.93	0.000289568
6.95	0.00029047
6.97	0.000291372
6.99	0.000292274
7.01	0.000293176
7.03	0.000294077
7.05	0.000294979
7.07	0.00029588
7.09	0.000296782
7.11	0.000297683
7.13	0.000298584
7.15	0.000299486
7.17	0.000300387
7.19	0.000301287
7.21	0.000302188
7.23	0.000303089
7.25	0.00030399
7.27	0.00030489
7.29	0.000305791
7.31	0.000306691
7.33	0.000307591
7.35	0.000308492
7.37	0.000309392
7.39	0.000310292
7.41	0.000311192
7.43	0.000312091
7.45	0.000312991
7.47	0.000313891
7.49	0.00031479
7.51	0.00031569
7.53	0.000316589
7.55	0.000317489
7.57	0.000318388
7.59	0.000319287
7.61	0.000320186
7.63	0.000321085
7.65	0.000321984
7.67	0.000322883
7.69	0.000323781
7.71	0.00032468
7.73	0.000325579
7.75	0.000326477
7.77	0.000327376
7.79	0.000328274
7.81	0.000329173
7.83	0.000330071
7.85	0.000330969
7.87	0.000331867
7.89	0.000332765
7.91	0.000333663
7.93	0.000334561
7.95	0.000335459
7.97	0.000336357
7.99	0.000337255
8.01	0.000338153
8.03	0.000339051
8.05	0.000339948
8.07	0.000340846
8.09	0.000341744
8.11	0.000342641
8.13	0.000343539
8.15	0.000344436
8.17	0.000345334
8.19	0.000346231
8.21	0.000347129
8.23	0.000348026
8.25	0.000348924
8.27	0.000349821
8.29	0.000350718
8.31	0.000351615
8.33	0.000352513
8.35	0.00035341
8.37	0.000354307
8.39	0.000355204
8.41	0.000356102
8.43	0.000356999
8.45	0.000357896
8.47	0.000358793
8.49	0.00035969
8.51	0.000360587
8.53	0.000361485
8.55	0.000362382
8.57	0.000363279
8.59	0.000364176
8.61	0.000365073
8.63	0.00036597
8.65	0.000366867
8.67	0.000367764
8.69	0.000368662
8.71	0.000369559
8.73	0.000370456
8.75	0.000371353
8.77	0.00037225
8.79	0.000373147
8.81	0.000374045
8.83	0.000374942
8.85	0.000375839
8.87	0.000376736
8.89	0.000377634
8.91	0.000378531
8.93	0.000379428
8.95	0.000380326
8.97	0.000381223
8.99	0.000382121
9.01	0.000383018
9.03	0.000383915
9.05	0.000384813
9.07	0.000385711
9.09	0.000386608
9.11	0.000387506
9.13	0.000388404
9.15	0.000389301
9.17	0.000390199
9.19	0.000391097
9.21	0.000391995
9.23	0.000392893
9.25	0.000393791
9.27	0.000394689
9.29	0.000395587
9.31	0.000396485
9.33	0.000397383
9.35	0.000398281
9.37	0.00039918
9.39	0.000400078
9.41	0.000400977
9.43	0.000401875
9.45	0.000402774
9.47	0.000403672
9.49	0.000404571
9.51	0.00040547
9.53	0.000406369
9.55	0.000407268
9.57	0.000408167
9.59	0.000409066
9.61	0.000409965
9.63	0.000410864
9.65	0.000411764
9.67	0.000412663
9.69	0.000413563
9.71	0.000414462
9.73	0.000415362
9.75	0.000416262
9.77	0.000417162
9.79	0.000418062
9.81	0.000418962
9.83	0.000419862
9.85	0.000420763
9.87	0.000421663
9.89	0.000422564
9.91	0.000423464
9.93	0.000424365
9.95	0.000425266
9.97	0.000426167
9.99	0.000427068
