label:AIS.v( 1 )
500
0.03	-59.9129
0.05	-59.8266
0.07	-59.7406
0.09	-59.6545
0.11	-59.5678
0.13	-59.4804
0.15	-59.3921
0.17	-59.3027
0.19	-59.2121
0.21	-59.1203
0.23	-59.0272
0.25	-58.9329
0.27	-58.8372
0.29	-58.7401
0.31	-58.6416
0.33	-58.5416
0.35	-58.4401
0.37	-58.337
0.39	-58.2323
0.41	-58.126
0.43	-58.018
0.45	-57.9083
0.47	-57.7968
0.49	-57.6833
0.51	-57.568
0.53	-57.4507
0.55	-57.3314
0.57	-57.2099
0.59	-57.0862
0.61	-56.9602
0.63	-56.8318
0.65	-56.701
0.67	-56.5676
0.69	-56.4314
0.71	-56.2925
0.73	-56.1506
0.75	-56.0056
0.77	-55.8574
0.79	-55.7057
0.81	-55.5504
0.83	-55.3913
0.85	-55.2282
0.87	-55.0608
0.89	-54.8888
0.91	-54.7119
0.93	-54.5299
0.95	-54.3422
0.97	-54.1486
0.99	-53.9485
1.01	-53.7414
1.03	-53.5267
1.05	-53.3037
1.07	-53.0716
1.09	-52.8295
1.11	-52.5765
1.13	-52.3112
1.15	-52.0323
1.17	-51.7381
1.19	-51.4267
1.21	-51.0956
1.23	-50.7422
1.25	-50.3629
1.27	-49.9534
1.29	-49.5086
1.31	-49.0217
1.33	-48.4843
1.35	-47.8853
1.37	-47.2102
1.39	-46.4394
1.41	-45.5463
1.43	-44.494
1.45	-43.2305
1.47	-41.6827
1.49	-39.7487
1.51	-37.2963
1.53	-34.1816
1.55	-30.3199
1.57	-25.81
1.59	-20.9948
1.61	-16.3148
1.63	-12.0868
1.65	-8.45114
1.67	-5.4687
1.69	-3.22868
1.71	-1.90289
1.73	-1.73595
1.75	-2.97049
1.77	-5.73334
1.79	-9.94535
1.81	-15.3144
1.83	-21.414
1.85	-27.8012
1.87	-34.1186
1.89	-40.1396
1.91	-45.7634
1.93	-50.9369
1.95	-55.5685
1.97	-59.5723
1.99	-62.933
2.01	-65.6979
2.03	-67.9427
2.05	-69.7466
2.07	-71.1833
2.09	-72.3189
2.11	-73.2109
2.13	-73.9086
2.15	-74.4524
2.17	-74.8756
2.19	-75.2046
2.21	-75.4602
2.23	-75.6588
2.25	-75.8132
2.27	-75.933
2.29	-76.0259
2.31	-76.0977
2.33	-76.1528
2.35	-76.1947
2.37	-76.226
2.39	-76.2488
2.41	-76.2647
2.43	-76.2748
2.45	-76.2803
2.47	-76.2818
2.49	-76.2801
2.51	-76.2755
2.53	-76.2686
2.55	-76.2597
2.57	-76.249
2.59	-76.2368
2.61	-76.2234
2.63	-76.2088
2.65	-76.1933
2.67	-76.177
2.69	-76.1599
2.71	-76.1423
2.73	-76.1241
2.75	-76.1056
2.77	-76.0867
2.79	-76.0675
2.81	-76.048
2.83	-76.0284
2.85	-76.0086
2.87	-75.9888
2.89	-75.9688
2.91	-75.9489
2.93	-75.9289
2.95	-75.909
2.97	-75.8891
2.99	-75.8692
3.01	-75.8494
3.03	-75.8298
3.05	-75.8102
3.07	-75.7908
3.09	-75.7715
3.11	-75.7523
3.13	-75.7333
3.15	-75.7145
3.17	-75.6958
3.19	-75.6773
3.21	-75.659
3.23	-75.6409
3.25	-75.6229
3.27	-75.6052
3.29	-75.5877
3.31	-75.5704
3.33	-75.5532
3.35	-75.5363
3.37	-75.5196
3.39	-75.5031
3.41	-75.4868
3.43	-75.4708
3.45	-75.4549
3.47	-75.4393
3.49	-75.4238
3.51	-75.4086
3.53	-75.3936
3.55	-75.3788
3.57	-75.3642
3.59	-75.3498
3.61	-75.3356
3.63	-75.3216
3.65	-75.3078
3.67	-75.2942
3.69	-75.2808
3.71	-75.2675
3.73	-75.2545
3.75	-75.2416
3.77	-75.2289
3.79	-75.2164
3.81	-75.204
3.83	-75.1918
3.85	-75.1798
3.87	-75.168
3.89	-75.1563
3.91	-75.1447
3.93	-75.1333
3.95	-75.122
3.97	-75.1109
3.99	-75.1
4.01	-75.0891
4.03	-75.0784
4.05	-75.0678
4.07	-75.0574
4.09	-75.047
4.11	-75.0368
4.13	-75.0267
4.15	-75.0167
4.17	-75.0068
4.19	-74.997
4.21	-74.9874
4.23	-74.9778
4.25	-74.9683
4.27	-74.9589
4.29	-74.9496
4.31	-74.9404
4.33	-74.9313
4.35	-74.9223
4.37	-74.9133
4.39	-74.9044
4.41	-74.8956
4.43	-74.8869
4.45	-74.8782
4.47	-74.8696
4.49	-74.8611
4.51	-74.8527
4.53	-74.8443
4.55	-74.8359
4.57	-74.8277
4.59	-74.8194
4.61	-74.8113
4.63	-74.8032
4.65	-74.7951
4.67	-74.7871
4.69	-74.7791
4.71	-74.7712
4.73	-74.7633
4.75	-74.7555
4.77	-74.7477
4.79	-74.74
4.81	-74.7323
4.83	-74.7246
4.85	-74.717
4.87	-74.7094
4.89	-74.7019
4.91	-74.6943
4.93	-74.6869
4.95	-74.6794
4.97	-74.672
4.99	-74.6646
5.01	-74.6572
5.03	-74.6499
5.05	-74.6426
5.07	-74.6353
5.09	-74.628
5.11	-74.6208
5.13	-74.6136
5.15	-74.6064
5.17	-74.5992
5.19	-74.5921
5.21	-74.585
5.23	-74.5779
5.25	-74.5708
5.27	-74.5637
5.29	-74.5567
5.31	-74.5496
5.33	-74.5426
5.35	-74.5356
5.37	-74.5287
5.39	-74.5217
5.41	-74.5147
5.43	-74.5078
5.45	-74.5009
5.47	-74.494
5.49	-74.4871
5.51	-74.4802
5.53	-74.4734
5.55	-74.4665
5.57	-74.4597
5.59	-74.4528
5.61	-74.446
5.63	-74.4392
5.65	-74.4324
5.67	-74.4256
5.69	-74.4189
5.71	-74.4121
5.73	-74.4053
5.75	-74.3986
5.77	-74.3919
5.79	-74.3851
5.81	-74.3784
5.83	-74.3717
5.85	-74.365
5.87	-74.3583
5.89	-74.3516
5.91	-74.3449
5.93	-74.3383
5.95	-74.3316
5.97	-74.3249
5.99	-74.3183
6.01	-74.3116
6.03	-74.305
6.05	-74.2983
6.07	-74.2917
6.09	-74.2851
6.11	-74.2785
6.13	-74.2719
6.15	-74.2653
6.17	-74.2587
6.19	-74.2521
6.21	-74.2455
6.23	-74.2389
6.25	-74.2323
6.27	-74.2257
6.29	-74.2192
6.31	-74.2126
6.33	-74.206
6.35	-74.1995
6.37	-74.1929
6.39	-74.1864
6.41	-74.1798
6.43	-74.1733
6.45	-74.1667
6.47	-74.1602
6.49	-74.1537
6.51	-74.1471
6.53	-74.1406
6.55	-74.1341
6.57	-74.1276
6.59	-74.1211
6.61	-74.1146
6.63	-74.1081
6.65	-74.1015
6.67	-74.095
6.69	-74.0885
6.71	-74.0821
6.73	-74.0756
6.75	-74.0691
6.77	-74.0626
6.79	-74.0561
6.81	-74.0496
6.83	-74.0431
6.85	-74.0367
6.87	-74.0302
6.89	-74.0237
6.91	-74.0173
6.93	-74.0108
6.95	-74.0043
6.97	-73.9979
6.99	-73.9914
7.01	-73.9849
7.03	-73.9785
7.05	-73.972
7.07	-73.9656
7.09	-73.9591
7.11	-73.9527
7.13	-73.9462
7.15	-73.9398
7.17	-73.9334
7.19	-73.9269
7.21	-73.9205
7.23	-73.9141
7.25	-73.9076
7.27	-73.9012
7.29	-73.8948
7.31	-73.8883
7.33	-73.8819
7.35	-73.8755
7.37	-73.8691
7.39	-73.8626
7.41	-73.8562
7.43	-73.8498
7.45	-73.8434
7.47	-73.837
7.49	-73.8306
7.51	-73.8242
7.53	-73.8177
7.55	-73.8113
7.57	-73.8049
7.59	-73.7985
7.61	-73.7921
7.63	-73.7857
7.65	-73.7793
7.67	-73.7729
7.69	-73.7665
7.71	-73.7601
7.73	-73.7537
7.75	-73.7473
7.77	-73.741
7.79	-73.7346
7.81	-73.7282
7.83	-73.7218
7.85	-73.7154
7.87	-73.709
7.89	-73.7026
7.91	-73.6962
7.93	-73.6899
7.95	-73.6835
7.97	-73.6771
7.99	-73.6707
8.01	-73.6643
8.03	-73.658
8.05	-73.6516
8.07	-73.6452
8.09	-73.6388
8.11	-73.6325
8.13	-73.6261
8.15	-73.6197
8.17	-73.6134
8.19	-73.607
8.21	-73.6006
8.23	-73.5943
8.25	-73.5879
8.27	-73.5815
8.29	-73.5752
8.31	-73.5688
8.33	-73.5624
8.35	-73.5561
8.37	-73.5497
8.39	-73.5434
8.41	-73.537
8.43	-73.5306
8.45	-73.5243
8.47	-73.5179
8.49	-73.5116
8.51	-73.5052
8.53	-73.4988
8.55	-73.4925
8.57	-73.4861
8.59	-73.4798
8.61	-73.4734
8.63	-73.4671
8.65	-73.4607
8.67	-73.4544
8.69	-73.448
8.71	-73.4417
8.73	-73.4353
8.75	-73.429
8.77	-73.4226
8.79	-73.4163
8.81	-73.41
8.83	-73.4036
8.85	-73.3973
8.87	-73.3909
8.89	-73.3846
8.91	-73.3782
8.93	-73.3719
8.95	-73.3655
8.97	-73.3592
8.99	-73.3529
9.01	-73.3465
9.03	-73.3402
9.05	-73.3338
9.07	-73.3275
9.09	-73.3212
9.11	-73.3148
9.13	-73.3085
9.15	-73.3021
9.17	-73.2958
9.19	-73.2895
9.21	-73.2831
9.23	-73.2768
9.25	-73.2705
9.27	-73.2641
9.29	-73.2578
9.31	-73.2514
9.33	-73.2451
9.35	-73.2388
9.37	-73.2324
9.39	-73.2261
9.41	-73.2198
9.43	-73.2134
9.45	-73.2071
9.47	-73.2008
9.49	-73.1944
9.51	-73.1881
9.53	-73.1817
9.55	-73.1754
9.57	-73.1691
9.59	-73.1627
9.61	-73.1564
9.63	-73.1501
9.65	-73.1437
9.67	-73.1374
9.69	-73.1311
9.71	-73.1247
9.73	-73.1184
9.75	-73.1121
9.77	-73.1057
9.79	-73.0994
9.81	-73.0931
9.83	-73.0867
9.85	-73.0804
9.87	-73.0741
9.89	-73.0677
9.91	-73.0614
9.93	-73.055
9.95	-73.0487
9.97	-73.0424
9.99	-73.036
10.01	-73.0297
