label:AIS.ik_mslo( 0.5 )
500
0.01	0.0156954
0.03	0.015819
0.05	0.0159682
0.07	0.0161304
0.09	0.0162988
0.11	0.01647
0.13	0.0166422
0.15	0.0168143
0.17	0.0169861
0.19	0.0171576
0.21	0.017329
0.23	0.0175005
0.25	0.0176725
0.27	0.0178454
0.29	0.0180194
0.31	0.0181951
0.33	0.0183726
0.35	0.0185523
0.37	0.0187345
0.39	0.0189194
0.41	0.0191074
0.43	0.0192987
0.45	0.0194935
0.47	0.0196921
0.49	0.0198947
0.51	0.0201015
0.53	0.0203128
0.55	0.0205289
0.57	0.0207498
0.59	0.020976
0.61	0.0212077
0.63	0.0214451
0.65	0.0216886
0.67	0.0219383
0.69	0.0221947
0.71	0.0224581
0.73	0.0227288
0.75	0.0230072
0.77	0.0232938
0.79	0.0235889
0.81	0.0238931
0.83	0.0242068
0.85	0.0245307
0.87	0.0248653
0.89	0.0252113
0.91	0.0255694
0.93	0.0259404
0.95	0.0263253
0.97	0.026725
0.99	0.0271406
1.01	0.0275732
1.03	0.0280242
1.05	0.0284951
1.07	0.0289877
1.09	0.0295038
1.11	0.0300455
1.13	0.0306154
1.15	0.0312162
1.17	0.0318513
1.19	0.0325243
1.21	0.0332397
1.23	0.0340026
1.25	0.0348191
1.27	0.0356965
1.29	0.0366434
1.31	0.0376705
1.33	0.0387907
1.35	0.0400201
1.37	0.0413787
1.39	0.0428924
1.41	0.0445943
1.43	0.046528
1.45	0.0487521
1.47	0.0513468
1.49	0.0544247
1.51	0.0581479
1.53	0.0627572
1.55	0.0686203
1.57	0.076317
1.59	0.0867827
1.61	0.10154
1.63	0.122998
1.65	0.154623
1.67	0.20049
1.69	0.263946
1.71	0.346332
1.73	0.446937
1.75	0.563744
1.77	0.693813
1.79	0.833099
1.81	0.976129
1.83	1.11592
1.85	1.2444
1.87	1.35331
1.89	1.4357
1.91	1.48743
1.93	1.50823
1.95	1.50173
1.97	1.47455
1.99	1.43468
2.01	1.38993
2.03	1.34676
2.05	1.3098
2.07	1.28176
2.09	1.2637
2.11	1.25543
2.13	1.25586
2.15	1.26326
2.17	1.2755
2.19	1.29021
2.21	1.30499
2.23	1.31763
2.25	1.32635
2.27	1.32992
2.29	1.32772
2.31	1.31974
2.33	1.30641
2.35	1.28843
2.37	1.26667
2.39	1.24199
2.41	1.21516
2.43	1.18686
2.45	1.15762
2.47	1.12787
2.49	1.09792
2.51	1.06801
2.53	1.03831
2.55	1.00896
2.57	0.980039
2.59	0.951621
2.61	0.923756
2.63	0.896481
2.65	0.869826
2.67	0.843812
2.69	0.818455
2.71	0.793768
2.73	0.769758
2.75	0.746431
2.77	0.723788
2.79	0.701829
2.81	0.680551
2.83	0.659948
2.85	0.640014
2.87	0.620738
2.89	0.60211
2.91	0.584118
2.93	0.56675
2.95	0.549989
2.97	0.533821
2.99	0.518231
3.01	0.503201
3.03	0.488716
3.05	0.474757
3.07	0.461309
3.09	0.448352
3.11	0.435872
3.13	0.423849
3.15	0.412268
3.17	0.401113
3.19	0.390366
3.21	0.380012
3.23	0.370035
3.25	0.360421
3.27	0.351155
3.29	0.342223
3.31	0.333611
3.33	0.325305
3.35	0.317294
3.37	0.309564
3.39	0.302105
3.41	0.294904
3.43	0.287951
3.45	0.281235
3.47	0.274747
3.49	0.268476
3.51	0.262414
3.53	0.256552
3.55	0.250882
3.57	0.245395
3.59	0.240083
3.61	0.234941
3.63	0.22996
3.65	0.225134
3.67	0.220456
3.69	0.215921
3.71	0.211523
3.73	0.207256
3.75	0.203116
3.77	0.199096
3.79	0.195193
3.81	0.191401
3.83	0.187717
3.85	0.184137
3.87	0.180656
3.89	0.17727
3.91	0.173977
3.93	0.170772
3.95	0.167652
3.97	0.164615
3.99	0.161658
4.01	0.158777
4.03	0.155969
4.05	0.153233
4.07	0.150566
4.09	0.147965
4.11	0.145428
4.13	0.142953
4.15	0.140538
4.17	0.138181
4.19	0.13588
4.21	0.133634
4.23	0.13144
4.25	0.129297
4.27	0.127203
4.29	0.125157
4.31	0.123157
4.33	0.121202
4.35	0.119291
4.37	0.117422
4.39	0.115594
4.41	0.113806
4.43	0.112057
4.45	0.110345
4.47	0.10867
4.49	0.10703
4.51	0.105425
4.53	0.103853
4.55	0.102314
4.57	0.100807
4.59	0.0993302
4.61	0.097884
4.63	0.0964672
4.65	0.0950788
4.67	0.0937183
4.69	0.092385
4.71	0.091078
4.73	0.0897968
4.75	0.0885407
4.77	0.087309
4.79	0.0861013
4.81	0.0849169
4.83	0.0837552
4.85	0.0826156
4.87	0.0814978
4.89	0.080401
4.91	0.0793249
4.93	0.078269
4.95	0.0772327
4.97	0.0762157
4.99	0.0752175
5.01	0.0742376
5.03	0.0732756
5.05	0.0723312
5.07	0.0714039
5.09	0.0704934
5.11	0.0695993
5.13	0.0687211
5.15	0.0678587
5.17	0.0670115
5.19	0.0661793
5.21	0.0653618
5.23	0.0645587
5.25	0.0637696
5.27	0.0629942
5.29	0.0622322
5.31	0.0614834
5.33	0.0607475
5.35	0.0600242
5.37	0.0593133
5.39	0.0586144
5.41	0.0579274
5.43	0.0572519
5.45	0.0565879
5.47	0.0559349
5.49	0.0552928
5.51	0.0546614
5.53	0.0540405
5.55	0.0534298
5.57	0.0528291
5.59	0.0522383
5.61	0.0516571
5.63	0.0510854
5.65	0.0505229
5.67	0.0499695
5.69	0.049425
5.71	0.0488892
5.73	0.0483619
5.75	0.0478431
5.77	0.0473325
5.79	0.0468299
5.81	0.0463353
5.83	0.0458484
5.85	0.0453691
5.87	0.0448972
5.89	0.0444327
5.91	0.0439754
5.93	0.0435251
5.95	0.0430817
5.97	0.0426451
5.99	0.0422152
6.01	0.0417918
6.03	0.0413748
6.05	0.040964
6.07	0.0405595
6.09	0.040161
6.11	0.0397684
6.13	0.0393817
6.15	0.0390007
6.17	0.0386253
6.19	0.0382555
6.21	0.037891
6.23	0.0375319
6.25	0.0371781
6.27	0.0368293
6.29	0.0364856
6.31	0.0361469
6.33	0.035813
6.35	0.0354838
6.37	0.0351594
6.39	0.0348396
6.41	0.0345243
6.43	0.0342134
6.45	0.0339069
6.47	0.0336047
6.49	0.0333068
6.51	0.0330129
6.53	0.0327232
6.55	0.0324374
6.57	0.0321556
6.59	0.0318776
6.61	0.0316035
6.63	0.031333
6.65	0.0310663
6.67	0.0308031
6.69	0.0305435
6.71	0.0302874
6.73	0.0300347
6.75	0.0297853
6.77	0.0295393
6.79	0.0292966
6.81	0.029057
6.83	0.0288206
6.85	0.0285873
6.87	0.028357
6.89	0.0281298
6.91	0.0279055
6.93	0.027684
6.95	0.0274655
6.97	0.0272497
6.99	0.0270367
7.01	0.0268264
7.03	0.0266188
7.05	0.0264138
7.07	0.0262114
7.09	0.0260116
7.11	0.0258142
7.13	0.0256194
7.15	0.0254269
7.17	0.0252368
7.19	0.0250491
7.21	0.0248637
7.23	0.0246805
7.25	0.0244997
7.27	0.024321
7.29	0.0241444
7.31	0.0239701
7.33	0.0237978
7.35	0.0236276
7.37	0.0234594
7.39	0.0232932
7.41	0.0231291
7.43	0.0229668
7.45	0.0228065
7.47	0.0226481
7.49	0.0224915
7.51	0.0223368
7.53	0.0221839
7.55	0.0220327
7.57	0.0218833
7.59	0.0217356
7.61	0.0215897
7.63	0.0214454
7.65	0.0213027
7.67	0.0211617
7.69	0.0210223
7.71	0.0208844
7.73	0.0207481
7.75	0.0206134
7.77	0.0204801
7.79	0.0203483
7.81	0.020218
7.83	0.0200892
7.85	0.0199618
7.87	0.0198358
7.89	0.0197111
7.91	0.0195879
7.93	0.0194659
7.95	0.0193453
7.97	0.019226
7.99	0.019108
8.01	0.0189913
8.03	0.0188758
8.05	0.0187616
8.07	0.0186486
8.09	0.0185367
8.11	0.0184261
8.13	0.0183166
8.15	0.0182083
8.17	0.0181011
8.19	0.0179951
8.21	0.0178901
8.23	0.0177863
8.25	0.0176835
8.27	0.0175818
8.29	0.0174811
8.31	0.0173814
8.33	0.0172828
8.35	0.0171852
8.37	0.0170886
8.39	0.0169929
8.41	0.0168983
8.43	0.0168045
8.45	0.0167117
8.47	0.0166199
8.49	0.0165289
8.51	0.0164389
8.53	0.0163498
8.55	0.0162615
8.57	0.0161741
8.59	0.0160876
8.61	0.0160019
8.63	0.015917
8.65	0.015833
8.67	0.0157498
8.69	0.0156674
8.71	0.0155858
8.73	0.0155049
8.75	0.0154249
8.77	0.0153456
8.79	0.0152671
8.81	0.0151893
8.83	0.0151122
8.85	0.0150359
8.87	0.0149603
8.89	0.0148854
8.91	0.0148112
8.93	0.0147377
8.95	0.0146649
8.97	0.0145927
8.99	0.0145212
9.01	0.0144504
9.03	0.0143802
9.05	0.0143107
9.07	0.0142418
9.09	0.0141735
9.11	0.0141059
9.13	0.0140389
9.15	0.0139724
9.17	0.0139066
9.19	0.0138413
9.21	0.0137767
9.23	0.0137126
9.25	0.0136491
9.27	0.0135861
9.29	0.0135237
9.31	0.0134619
9.33	0.0134006
9.35	0.0133398
9.37	0.0132796
9.39	0.0132199
9.41	0.0131607
9.43	0.013102
9.45	0.0130438
9.47	0.0129862
9.49	0.012929
9.51	0.0128723
9.53	0.0128161
9.55	0.0127604
9.57	0.0127051
9.59	0.0126503
9.61	0.012596
9.63	0.0125422
9.65	0.0124887
9.67	0.0124358
9.69	0.0123833
9.71	0.0123312
9.73	0.0122795
9.75	0.0122283
9.77	0.0121775
9.79	0.0121271
9.81	0.0120771
9.83	0.0120276
9.85	0.0119784
9.87	0.0119297
9.89	0.0118813
9.91	0.0118333
9.93	0.0117858
9.95	0.0117386
9.97	0.0116917
9.99	0.0116453
