label:AIS.v( 1 )
500
0.03	-59.9129
0.05	-59.8266
0.07	-59.7406
0.09	-59.6545
0.11	-59.5679
0.13	-59.4805
0.15	-59.3922
0.17	-59.3029
0.19	-59.2124
0.21	-59.1207
0.23	-59.0277
0.25	-58.9335
0.27	-58.8379
0.29	-58.7409
0.31	-58.6425
0.33	-58.5427
0.35	-58.4413
0.37	-58.3384
0.39	-58.2339
0.41	-58.1278
0.43	-58.02
0.45	-57.9104
0.47	-57.7991
0.49	-57.6859
0.51	-57.5708
0.53	-57.4537
0.55	-57.3345
0.57	-57.2133
0.59	-57.0898
0.61	-56.964
0.63	-56.8359
0.65	-56.7053
0.67	-56.5722
0.69	-56.4363
0.71	-56.2976
0.73	-56.156
0.75	-56.0113
0.77	-55.8633
0.79	-55.712
0.81	-55.557
0.83	-55.3983
0.85	-55.2355
0.87	-55.0684
0.89	-54.8968
0.91	-54.7203
0.93	-54.5387
0.95	-54.3515
0.97	-54.1583
0.99	-53.9587
1.01	-53.7522
1.03	-53.538
1.05	-53.3156
1.07	-53.0842
1.09	-52.8429
1.11	-52.5906
1.13	-52.3262
1.15	-52.0483
1.17	-51.7551
1.19	-51.4449
1.21	-51.1152
1.23	-50.7634
1.25	-50.3858
1.27	-49.9784
1.29	-49.536
1.31	-49.052
1.33	-48.5181
1.35	-47.9233
1.37	-47.2534
1.39	-46.4892
1.41	-45.6045
1.43	-44.5633
1.45	-43.3146
1.47	-41.7866
1.49	-39.8796
1.51	-37.4628
1.53	-34.3917
1.55	-30.5745
1.57	-26.0955
1.59	-21.2846
1.61	-16.5827
1.63	-12.3152
1.65	-8.62295
1.67	-5.54706
1.69	-3.12733
1.71	-1.4548
1.73	-0.681688
1.75	-0.995346
1.77	-2.56007
1.79	-5.44479
1.81	-9.57145
1.83	-14.7132
1.85	-20.5425
1.87	-26.7047
1.89	-32.8889
1.91	-38.8672
1.93	-44.5094
1.95	-49.7445
1.97	-54.4784
1.99	-58.6115
2.01	-62.1081
2.03	-65.002
2.05	-67.3626
2.07	-69.2679
2.09	-70.7916
2.11	-72.0007
2.13	-72.9539
2.15	-73.7017
2.17	-74.2866
2.19	-74.7431
2.21	-75.0993
2.23	-75.3772
2.25	-75.5943
2.27	-75.7641
2.29	-75.8972
2.31	-76.0016
2.33	-76.0836
2.35	-76.1482
2.37	-76.1989
2.39	-76.2387
2.41	-76.2697
2.43	-76.2937
2.45	-76.3121
2.47	-76.3258
2.49	-76.3357
2.51	-76.3423
2.53	-76.3464
2.55	-76.3481
2.57	-76.3479
2.59	-76.346
2.61	-76.3426
2.63	-76.338
2.65	-76.3321
2.67	-76.3253
2.69	-76.3175
2.71	-76.3089
2.73	-76.2995
2.75	-76.2894
2.77	-76.2787
2.79	-76.2674
2.81	-76.2556
2.83	-76.2433
2.85	-76.2306
2.87	-76.2174
2.89	-76.2039
2.91	-76.19
2.93	-76.1759
2.95	-76.1614
2.97	-76.1467
2.99	-76.1318
3.01	-76.1168
3.03	-76.1015
3.05	-76.0861
3.07	-76.0706
3.09	-76.055
3.11	-76.0394
3.13	-76.0237
3.15	-76.0079
3.17	-75.9922
3.19	-75.9764
3.21	-75.9607
3.23	-75.945
3.25	-75.9293
3.27	-75.9138
3.29	-75.8982
3.31	-75.8828
3.33	-75.8675
3.35	-75.8522
3.37	-75.8371
3.39	-75.8221
3.41	-75.8072
3.43	-75.7924
3.45	-75.7778
3.47	-75.7633
3.49	-75.749
3.51	-75.7348
3.53	-75.7207
3.55	-75.7068
3.57	-75.6931
3.59	-75.6795
3.61	-75.666
3.63	-75.6527
3.65	-75.6396
3.67	-75.6266
3.69	-75.6137
3.71	-75.601
3.73	-75.5885
3.75	-75.5761
3.77	-75.5638
3.79	-75.5517
3.81	-75.5397
3.83	-75.5279
3.85	-75.5162
3.87	-75.5047
3.89	-75.4932
3.91	-75.482
3.93	-75.4708
3.95	-75.4598
3.97	-75.4488
3.99	-75.438
4.01	-75.4274
4.03	-75.4168
4.05	-75.4064
4.07	-75.396
4.09	-75.3858
4.11	-75.3757
4.13	-75.3657
4.15	-75.3557
4.17	-75.3459
4.19	-75.3362
4.21	-75.3266
4.23	-75.317
4.25	-75.3076
4.27	-75.2982
4.29	-75.2889
4.31	-75.2797
4.33	-75.2706
4.35	-75.2615
4.37	-75.2525
4.39	-75.2436
4.41	-75.2348
4.43	-75.226
4.45	-75.2173
4.47	-75.2087
4.49	-75.2001
4.51	-75.1916
4.53	-75.1832
4.55	-75.1748
4.57	-75.1664
4.59	-75.1581
4.61	-75.1499
4.63	-75.1417
4.65	-75.1336
4.67	-75.1255
4.69	-75.1175
4.71	-75.1095
4.73	-75.1015
4.75	-75.0936
4.77	-75.0857
4.79	-75.0779
4.81	-75.0701
4.83	-75.0624
4.85	-75.0546
4.87	-75.047
4.89	-75.0393
4.91	-75.0317
4.93	-75.0241
4.95	-75.0166
4.97	-75.009
4.99	-75.0015
5.01	-74.9941
5.03	-74.9866
5.05	-74.9792
5.07	-74.9718
5.09	-74.9645
5.11	-74.9571
5.13	-74.9498
5.15	-74.9425
5.17	-74.9353
5.19	-74.928
5.21	-74.9208
5.23	-74.9136
5.25	-74.9064
5.27	-74.8992
5.29	-74.8921
5.31	-74.8849
5.33	-74.8778
5.35	-74.8707
5.37	-74.8636
5.39	-74.8566
5.41	-74.8495
5.43	-74.8425
5.45	-74.8355
5.47	-74.8285
5.49	-74.8215
5.51	-74.8145
5.53	-74.8075
5.55	-74.8006
5.57	-74.7936
5.59	-74.7867
5.61	-74.7798
5.63	-74.7728
5.65	-74.7659
5.67	-74.7591
5.69	-74.7522
5.71	-74.7453
5.73	-74.7384
5.75	-74.7316
5.77	-74.7248
5.79	-74.7179
5.81	-74.7111
5.83	-74.7043
5.85	-74.6975
5.87	-74.6907
5.89	-74.6839
5.91	-74.6771
5.93	-74.6703
5.95	-74.6636
5.97	-74.6568
5.99	-74.65
6.01	-74.6433
6.03	-74.6366
6.05	-74.6298
6.07	-74.6231
6.09	-74.6164
6.11	-74.6097
6.13	-74.6029
6.15	-74.5962
6.17	-74.5895
6.19	-74.5828
6.21	-74.5762
6.23	-74.5695
6.25	-74.5628
6.27	-74.5561
6.29	-74.5495
6.31	-74.5428
6.33	-74.5361
6.35	-74.5295
6.37	-74.5228
6.39	-74.5162
6.41	-74.5095
6.43	-74.5029
6.45	-74.4963
6.47	-74.4896
6.49	-74.483
6.51	-74.4764
6.53	-74.4698
6.55	-74.4632
6.57	-74.4566
6.59	-74.45
6.61	-74.4434
6.63	-74.4368
6.65	-74.4302
6.67	-74.4236
6.69	-74.417
6.71	-74.4104
6.73	-74.4038
6.75	-74.3972
6.77	-74.3907
6.79	-74.3841
6.81	-74.3775
6.83	-74.371
6.85	-74.3644
6.87	-74.3578
6.89	-74.3513
6.91	-74.3447
6.93	-74.3382
6.95	-74.3316
6.97	-74.3251
6.99	-74.3186
7.01	-74.312
7.03	-74.3055
7.05	-74.2989
7.07	-74.2924
7.09	-74.2859
7.11	-74.2794
7.13	-74.2728
7.15	-74.2663
7.17	-74.2598
7.19	-74.2533
7.21	-74.2467
7.23	-74.2402
7.25	-74.2337
7.27	-74.2272
7.29	-74.2207
7.31	-74.2142
7.33	-74.2077
7.35	-74.2012
7.37	-74.1947
7.39	-74.1882
7.41	-74.1817
7.43	-74.1752
7.45	-74.1687
7.47	-74.1623
7.49	-74.1558
7.51	-74.1493
7.53	-74.1428
7.55	-74.1363
7.57	-74.1299
7.59	-74.1234
7.61	-74.1169
7.63	-74.1104
7.65	-74.104
7.67	-74.0975
7.69	-74.091
7.71	-74.0846
7.73	-74.0781
7.75	-74.0717
7.77	-74.0652
7.79	-74.0587
7.81	-74.0523
7.83	-74.0458
7.85	-74.0394
7.87	-74.0329
7.89	-74.0265
7.91	-74.02
7.93	-74.0136
7.95	-74.0071
7.97	-74.0007
7.99	-73.9943
8.01	-73.9878
8.03	-73.9814
8.05	-73.975
8.07	-73.9685
8.09	-73.9621
8.11	-73.9557
8.13	-73.9492
8.15	-73.9428
8.17	-73.9364
8.19	-73.93
8.21	-73.9235
8.23	-73.9171
8.25	-73.9107
8.27	-73.9043
8.29	-73.8979
8.31	-73.8914
8.33	-73.885
8.35	-73.8786
8.37	-73.8722
8.39	-73.8658
8.41	-73.8594
8.43	-73.853
8.45	-73.8466
8.47	-73.8402
8.49	-73.8337
8.51	-73.8273
8.53	-73.8209
8.55	-73.8145
8.57	-73.8081
8.59	-73.8017
8.61	-73.7953
8.63	-73.7889
8.65	-73.7826
8.67	-73.7762
8.69	-73.7698
8.71	-73.7634
8.73	-73.757
8.75	-73.7506
8.77	-73.7442
8.79	-73.7378
8.81	-73.7314
8.83	-73.7251
8.85	-73.7187
8.87	-73.7123
8.89	-73.7059
8.91	-73.6995
8.93	-73.6931
8.95	-73.6868
8.97	-73.6804
8.99	-73.674
9.01	-73.6676
9.03	-73.6613
9.05	-73.6549
9.07	-73.6485
9.09	-73.6421
9.11	-73.6358
9.13	-73.6294
9.15	-73.623
9.17	-73.6167
9.19	-73.6103
9.21	-73.6039
9.23	-73.5975
9.25	-73.5912
9.27	-73.5848
9.29	-73.5785
9.31	-73.5721
9.33	-73.5657
9.35	-73.5594
9.37	-73.553
9.39	-73.5466
9.41	-73.5403
9.43	-73.5339
9.45	-73.5276
9.47	-73.5212
9.49	-73.5149
9.51	-73.5085
9.53	-73.5021
9.55	-73.4958
9.57	-73.4894
9.59	-73.4831
9.61	-73.4767
9.63	-73.4704
9.65	-73.464
9.67	-73.4577
9.69	-73.4513
9.71	-73.445
9.73	-73.4386
9.75	-73.4323
9.77	-73.4259
9.79	-73.4196
9.81	-73.4132
9.83	-73.4069
9.85	-73.4005
9.87	-73.3942
9.89	-73.3878
9.91	-73.3815
9.93	-73.3751
9.95	-73.3688
9.97	-73.3625
9.99	-73.3561
10.01	-73.3498
